-0.0348195979399 0.125024564481
-0.00687113960144 0.164299959178
-0.0199397624784 0.200487493673
-0.0216177315564 0.202557888782
-0.0459843638934 0.223224039727
-0.0753088222937 0.223243939415
-0.0922693398706 0.204800036625
-0.102108226542 0.168217684534
-0.111765593708 0.146161750852
-0.0876599457517 0.10031072001
-0.0535385535648 0.0707768840031
-0.032415573688 0.0539588980865
-0.00500048385796 0.0387815065692
0.0443340320967 0.0459153333528
0.0890761195115 0.0615506297889
0.113962288372 0.0742332746227
0.145513559422 0.0917313349947
0.192522692377 0.11276153898
0.219768411017 0.130260740818
0.231170717579 0.153825542376
0.224248124121 0.157352660188
0.204033222532 0.165895817033
0.189481913334 0.17744303104
0.185868320127 0.199421724065
0.180237269495 0.193220501419
0.169105465562 0.173297053233
0.158488692986 0.164329527472
0.137618530691 0.162654235207
0.114230687086 0.166962257459
0.0579234679084 0.146951765617
0.0329009188269 0.112846610808
-0.0328932489155 0.110207820349
-0.0791289827223 0.113036996114
-0.0564526456563 0.0977032256887
-0.0261191755772 0.0990267625674
-0.0259075897202 0.0848314412069
-0.0274631686449 0.0748399956524
-0.00348158092361 0.0683919580616
0.0132466265188 0.0763025978214
0.0400613985648 0.0920092392862
0.122116642024 0.115947667883
