Id	Time	MeanValence	MeanArousal
0	0	0.032350229867897	-0.002067509974847
1	5	0.05607164229714	-0.039286478222887
2	10	0.06828022951279002	-0.11863521405454
3	15	0.06513960806567	-0.1743132901135
4	20	0.06928335910964	-0.1839548716975
5	25	0.09327402382591	-0.14711462474199002
6	30	0.13357662198700998	-0.0678193680439319
7	35	0.1865151374335	-0.012444078941357701
8	40	0.21840043747050003	-0.0016519609138578
9	45	0.223088400031	-0.002419504755099
10	50	0.2181520841887	-0.0032713266544700005
11	55	0.20785055374160005	-0.0006742771740634375
12	60	0.2015212118789	0.009006651364549562
13	65	0.19959295736349997	0.022633969640099998
14	70	0.20260101869049998	0.03648543382963
15	75	0.20789416806990002	0.047028229554590004
16	80	0.19761376447520002	0.051022227889009994
17	85	0.15978944147580001	0.0513482329965
18	90	0.0868933371556786	0.05229800814711
19	95	-0.008048145152061403	0.057560645406970014
20	100	-0.09606380137354001	0.06647810579818
21	105	-0.1609368464014	0.0756873023621
22	110	-0.18846922815470002	0.08394672377538
23	115	-0.1829149853425	0.08789328307939999
24	120	-0.1580078790383	0.0881850192521
25	125	-0.11944783907178999	0.0881850192521
26	130	-0.07820907396223001	0.0881850192521
27	135	-0.039898815055828	0.08353424417791999
28	140	-0.009934731036678	0.06871265878916999
29	145	0.007955158078679001	0.048373526405379993
30	150	0.020897440096719004	0.028036882266932
31	155	0.028807108292100002	0.012351013202691002
32	160	0.028986269662470004	0.006835954453003999
33	165	0.022774559075749996	0.00683844269833
34	170	0.013003855088981001	0.00683844269833
35	175	0.0030871552408191006	0.00683844269833
36	180	-0.0054301880833159	0.00683844269833
37	185	-0.009135177344769001	0.00683844269833
38	190	-0.00928117320617	0.00683844269833
39	195	-0.00928117320617	0.00683844269833
40	200	-0.00928117320617	0.00683844269833
41	205	-0.008508441940181	0.00683844269833
42	210	0.0005579006610238997	0.00683844269833
43	215	0.0190436754765599	0.00683844269833
44	220	0.045647978623679995	0.0053359720660669996
45	225	0.08304903669119	-0.005493884632393
46	230	0.11750599342335	-0.025228843178375
47	235	0.14768009277139998	-0.04604398813795001
48	240	0.18006555908430003	-0.06535666246527
49	245	0.20226475289789997	-0.07534195072640001
50	250	0.19282019293549998	-0.07644323455103
51	255	0.15229906083219996	-0.07535802145968
52	260	0.09772993159709001	-0.07593146897775001
53	265	0.0384918563456369	-0.08112099602298
54	270	0.0016783091825639002	-0.08762245703478999
55	275	-0.010041465550093	-0.08716438268297
56	280	-0.01804313844736	-0.07208789768381
57	285	-0.02328190950542	-0.04694329593860999
58	290	-0.03039896008259	-0.0204045093955286
59	295	-0.022919011086367003	-0.0016844828674236003
60	300	0.008627285563233	0.006007103803620001
61	305	0.04578682094645999	0.012095657544975
62	310	0.08869435153665998	0.0218934762792
63	315	0.11785110743357999	0.033049847616179996
64	320	0.12294151567699999	0.0422749087723
65	325	0.1240570339763	0.047650965639219986
66	330	0.13610141412829999	0.05006478004993999
67	335	0.1602525394152	0.05320985706471
68	340	0.1866970662835	0.057918821532090006
69	345	0.21202607485249997	0.06266294835119
70	350	0.2264262215687	0.06659889921335001
71	355	0.22201169207699997	0.06819794901768002
72	360	0.18639558998400002	0.06823311136940001
73	365	0.12691092852297997	0.06823311136940001
74	370	0.07497548222978001	0.06823311136940001
75	375	0.05326474240197	0.06823311136940001
76	380	0.07726067248645	0.06823311136940001
77	385	0.12762442002767999	0.06823311136940001
78	390	0.17043895240110002	0.06823311136940001
79	395	0.1854648144891	0.06944872640251
80	400	0.1791140716393	0.07303640944977
81	405	0.188677422796	0.07778054547806999
82	410	0.21724077779889997	0.08252468150636999
83	415	0.2503564682933	0.08602654954046998
84	420	0.28805026483330004	0.08432457929956
85	425	0.3073307092783001	0.07337423041943
86	430	0.30761114987700006	0.05556584081608
87	435	0.30761114987700006	0.03621287180901
88	440	0.30761114987700006	0.019691673062790002
89	445	0.30761114987700006	0.011262399974730003
90	450	0.30761114987700006	0.009691167609900003
91	455	0.30761114987700006	0.009691167609900003
92	460	0.30761114987700006	0.009880274456790001
93	465	0.30761114987700006	0.01793167023749
94	470	0.30761114987700006	0.03769415870996
95	475	0.30761114987700006	0.06317280660284999
96	480	0.3018415589374	0.09091684723859002
97	485	0.27634627589660005	0.11157484971465
98	490	0.23346733365449998	0.1204377046846
99	495	0.18050071295640002	0.11663988647550001
100	500	0.12627577677401	0.09875083037584999
101	505	0.09140874668566999	0.07530924414548999
102	510	0.07392537579886	0.05195171272936999
103	515	0.06652968336790001	0.03553869507173
104	520	0.06377198342503	0.030762415714999998
105	525	0.05452312582976	0.030762415714999998
106	530	0.046530250664910004	0.030762415714999998
107	535	0.04986984231958	0.030762415714999998
108	540	0.061207849347480005	0.028891875639839998
109	545	0.07940584680776	0.0158589609086029
110	550	0.09634786183778	-0.0078642793993171
111	555	0.10195741004830002	-0.03298601070301
112	560	0.09918337785656	-0.05623720193153
113	565	0.07984443119644999	-0.06832601850395
114	570	0.04523767468642	-0.0697245094997
115	575	0.009151897057692	-0.0697245094997
116	580	-0.024158801606667998	-0.0697245094997
117	585	-0.041384664631720004	-0.0697245094997
118	590	-0.04444457415349	-0.0697245094997
119	595	-0.04664828684691	-0.06901875017258
120	600	-0.04885199954033	-0.06427043251522
121	605	-0.05268315295426999	-0.05576280904474
122	610	-0.05940667723304001	-0.04683267876430001
123	615	-0.0705539612524	-0.038608307811
124	620	-0.08870183821532	-0.034426495187950004
125	625	-0.10867915632421002	-0.034003988378
126	630	-0.12475639779720002	-0.033025470361599994
127	635	-0.13491793269129998	-0.029545513806629998
128	640	-0.129321899046	-0.02453247871678
129	645	-0.10682038873533999	-0.019509285614199998
130	650	-0.07523789348259	-0.01546461052801
131	655	-0.04058564824807	-0.013921373980409999
132	660	-0.014531900713191001	-0.0139112159677
133	665	0.0078109559169	-0.0139112159677
134	670	0.035641834282321	-0.015571494621989998
135	675	0.06386152342274	-0.026971086846899993
136	680	0.08465934641046999	-0.05033293860599001
137	685	0.08892936686725	-0.08119908646314002
138	690	0.07770555778801999	-0.11450214391121001
139	695	0.06252958463200001	-0.1377908888785
140	700	0.05884703613473	-0.14239221540410002
141	705	0.06780557225646999	-0.1333045150944
142	710	0.07820621080718	-0.11990893903469999
143	715	0.07693499168248999	-0.1067883618855
144	720	0.055626127795540006	-0.1003929436438
145	725	0.0235324820023273	-0.100182256139
146	730	-0.0085912260148227	-0.100182256139
147	735	-0.0271898751725	-0.10300134503529998
148	740	-0.027872518059909996	-0.12100644750529999
149	745	-0.026251217865569998	-0.1533360668995
150	750	-0.02898448668151	-0.2003271671897
151	755	-0.03471909866976	-0.2609469118992
152	760	-0.04256210856843999	-0.3104985484609
153	765	-0.04729623356849001	-0.3503890368278
154	770	-0.048068856328900005	-0.38110438009639996
155	775	-0.048068856328900005	-0.3964796049868999
156	780	-0.04975601687913	-0.40394675484000003
157	785	-0.05480344856862	-0.4005843036679
158	790	-0.04831246686693	-0.3779172210981
159	795	-0.030814334010869998	-0.3387394108024
160	800	-0.02258572865017	-0.2992093164888
161	805	-0.02015878214221	-0.2705534613256999
162	810	-0.029679863797669997	-0.275167174217
163	815	-0.05020809660752999	-0.31075568928740005
164	820	-0.05609669021906	-0.35140724264490003
165	825	-0.04566129485717001	-0.3873507891475
166	830	-0.0313371768944	-0.4003493186532999
167	835	-0.016947278105377	-0.38349241804960005
168	840	-0.0022584426756865	-0.34168222300030004
169	845	0.011400493760330501	-0.28527238070249994
170	850	0.02379637538827	-0.23099934930950003
171	855	0.036126476189950005	-0.19101005863550002
172	860	0.044474689198180005	-0.17496294859240002
173	865	0.0466907422187	-0.16897029105570002
174	870	0.0466907422187	-0.1598251404347
175	875	0.0466907422187	-0.1526747300712
176	880	0.0466907422187	-0.1476643502596
177	885	0.0466907422187	-0.14719916519020002
178	890	0.03982430844898001	-0.1512434068419
179	895	0.0208580659759516	-0.15329290823599998
180	900	-0.001997949165386399	-0.15329290823599998
181	905	-0.015924240549288003	-0.1527874629046
182	910	0.0009508434979499991	-0.14852639540199997
183	915	0.05986067596436	-0.1404452412323
184	920	0.13696434832753	-0.1326653034023
185	925	0.20430552527129997	-0.1289260144544
186	930	0.24540718229669997	-0.1302067918987
187	935	0.25582004069299996	-0.13282976466250002
188	940	0.2459552873177	-0.1340732629019
189	945	0.2197110531262	-0.1317815575905
190	950	0.1843009544411	-0.1282254080584
191	955	0.1571258501184	-0.127147149874
192	960	0.1546727366744	-0.127147149874
193	965	0.1807461811492	-0.127147149874
194	970	0.21857720994899998	-0.127147149874
195	975	0.2503539908146	-0.127147149874
196	980	0.2657251503941	-0.127147149874
197	985	0.2662852677769	-0.127147149874
198	990	0.2522430423539	-0.127147149874
199	995	0.23251574837469996	-0.127147149874
200	1000	0.21894952840130003	-0.127147149874
201	1005	0.21586719056640002	-0.1270614489265
202	1010	0.2356305122976	-0.12233576377210001
203	1015	0.26464970081	-0.10955155232279998
204	1020	0.2772147160056	-0.09323323764983
205	1025	0.2679178100694	-0.07697076373618002
206	1030	0.2623616451052	-0.06534827402941
207	1035	0.27051338703600003	-0.06082309471080001
208	1040	0.2768143581413	-0.05628240711659001
209	1045	0.2819495179133	-0.049384000215570004
210	1050	0.26829231316050006	-0.04268640941212
211	1055	0.23555159328240002	-0.03695003451549
212	1060	0.21258949575180003	-0.034763271118190005
213	1065	0.1870230474887	-0.03496408721580001
214	1070	0.12523227880544002	-0.03496408721580001
215	1075	0.034292292089125	-0.03496408721580001
216	1080	-0.062188019933425	-0.03496408721580001
217	1085	-0.13945320500290997	-0.03496408721580001
218	1090	-0.16266874883599997	-0.03494030532595001
219	1095	-0.14122498616780002	-0.0287108342389
220	1100	-0.11957600316419999	-0.011119232088813697
221	1105	-0.1158690529804	0.0150472146872863
222	1110	-0.14043114036260002	0.04786615431015
223	1115	-0.1993461422894	0.07776105860209001
224	1120	-0.2642807018572	0.09629383183099001
225	1125	-0.31742988057870003	0.10763379138699998
226	1130	-0.35865953350229995	0.11716453954010002
227	1135	-0.38508859887369995	0.1270559522928
228	1140	-0.4047420587706	0.1376913606874
229	1145	-0.4292532825292	0.15122187951420002
230	1150	-0.46018858688459996	0.164182290016
231	1155	-0.48905399152980006	0.17410690523199998
232	1160	-0.5154720372074	0.18328752480619998
233	1165	-0.5349585057223999	0.18819100299500008
234	1170	-0.5443552247505	0.18879752617500004
235	1175	-0.5514016824740999	0.18879752617500004
236	1180	-0.5562940192877999	0.18879752617500004
237	1185	-0.557673706567	0.189058397672
238	1190	-0.557673706567	0.19205473641889997
239	1195	-0.557673706567	0.19813900367499998
240	1200	-0.557673706567	0.2048366036876
241	1205	-0.5448701996924	0.21127333220329997
242	1210	-0.5035566754524001	0.21497459346880002
243	1215	-0.4465361448875	0.215587926225
244	1220	-0.389515118488	0.215587926225
245	1225	-0.34529759896309986	0.2155989214366
246	1230	-0.3383051687266	0.2180801042113
247	1235	-0.36963924320319996	0.22529442780259998
248	1240	-0.4151895141619	0.2347826998591
249	1245	-0.46513690436970007	0.24426136437939996
250	1250	-0.5123093303613	0.25375465433890004
251	1255	-0.5207632328283001	0.26450791583730004
252	1260	-0.45779510289630004	0.2616153934017
253	1265	-0.3334966196351	0.21020552554000002
254	1270	-0.16212735970353004	0.12333409608575999
255	1275	0.01811562965933	0.031346922215645
256	1280	0.14267456298006	-0.049048734909155
257	1285	0.20306051981339998	-0.08092843428306999
258	1290	0.2089558078878	-0.07983138506653
259	1295	0.18375808400639998	-0.08163957815753001
260	1300	0.15569354138570002	-0.09148586336627
261	1305	0.1304884138423	-0.10743893186264
262	1310	0.11834708673810002	-0.1237082471735
263	1315	0.11522856658709998	-0.13794968811660002
264	1320	0.1136175540875	-0.1443727182186
265	1325	0.1163868689179	-0.14468896503300002
266	1330	0.11946147455470002	-0.14468896503300002
267	1335	0.12263062909150002	-0.14468896503300002
268	1340	0.13072207925090001	-0.14400283029669997
269	1345	0.1409107826394	-0.1361263268479
270	1350	0.15109039457729997	-0.1199639078575
271	1355	0.15827290805000002	-0.10201980730166
272	1360	0.16037016127900003	-0.08476184148211
273	1365	0.16037016127900003	-0.074694244375
274	1370	0.16037016127900003	-0.0729125628095
275	1375	0.16037016127900003	-0.0729125628095
276	1380	0.16037016127900003	-0.0729125628095
277	1385	0.16037016127900003	-0.0729125628095
278	1390	0.16001226318790002	-0.07247604643927999
279	1395	0.1481826495821	-0.06985086474426
280	1400	0.10014032970512002	-0.06513663355931001
281	1405	0.008980116615198997	-0.04275483627034599
282	1410	-0.10036223747662101	0.0042175979337440005
283	1415	-0.20158749431420003	0.052051564704569994
284	1420	-0.28364743514339996	0.09315019216032001
285	1425	-0.34348695956419995	0.11658125351216002
286	1430	-0.3934858294453	0.1154051005219
287	1435	-0.44214579554429995	0.11257597870809999
288	1440	-0.47375837138040006	0.1194008329573
289	1445	-0.48460431572299995	0.1366121718842
290	1450	-0.49165413123370005	0.1630923444543
291	1455	-0.5043672269774999	0.1915421296931
292	1460	-0.5222409742132	0.21394936073749998
293	1465	-0.5197828004467	0.20592498615970004
294	1470	-0.4417748589828999	0.14962450137339
295	1475	-0.3025315428252	0.069712395548408
296	1480	-0.15276256428714	-0.009798379272621999
297	1485	-0.023194661440309995	-0.06926403314929
298	1490	0.03572672943053	-0.09014234940399998
299	1495	0.044592061074450004	-0.09077588635669999
300	1500	0.05525444535643	-0.09077588635669999
301	1505	0.06957857240950001	-0.09077588635669999
302	1510	0.08390269946257001	-0.09077588635669999
303	1515	0.09472650576025002	-0.09077588635669999
304	1520	0.09629582355987	-0.09077588635669999
305	1525	0.08835006288183	-0.09077588635669999
306	1530	0.07657424999352	-0.09077588635669999
307	1535	0.06472929562990001	-0.09077588635669999
308	1540	0.05497676623779	-0.09065678066801
309	1545	0.0510775725522	-0.08537900260805001
310	1550	0.05100843107689999	-0.07732568593901999
311	1555	0.05100843107689999	-0.06963801383707999
312	1560	0.054865092804999994	-0.05890616703111
313	1565	0.06808626452936999	-0.0520680957101
314	1570	0.08680388030754001	-0.04676209807822
315	1575	0.09468187951184	-0.027966345308195
316	1580	0.08039753588866	0.0027602301061110017
317	1585	0.049271213529250006	0.040863075711176
318	1590	0.012648447115978002	0.08337334269026
319	1595	-0.013134702723432002	0.11090630895101002
320	1600	-0.0206121714634	0.10090554196832
321	1605	-0.0206121714634	0.05707088460108002
322	1610	-0.0206121714634	0.010434040696274998
323	1615	-0.0206121714634	-0.024838762872355
324	1620	-0.0206121714634	-0.03583924565306
325	1625	-0.0206121714634	-0.02164700512633
326	1630	-0.0206121714634	-0.010303464356055
327	1635	-0.0206121714634	-0.00847077377463
328	1640	-0.0152065227970928	-0.00847077377463
329	1645	0.0050100491987082	-0.0067294792755164
330	1650	0.035797879556201	0.0009434131464795999
331	1655	0.06780932510771001	0.013095628331881002
332	1660	0.09801236106901001	0.027148416333650005
333	1665	0.11909431535899999	0.04282606768071
334	1670	0.131755245365	0.05347216878405
335	1675	0.14319256017700002	0.05878439043545001
336	1680	0.1510326359126	0.06219603927045999
337	1685	0.1562139098655	0.062241530261050004
338	1690	0.1710308396113	0.0613869735725
339	1695	0.1950748747483	0.0613869735725
340	1700	0.21959116528170003	0.0613869735725
341	1705	0.24107641593969995	0.0613869735725
342	1710	0.25077577672749995	0.062038035211849994
343	1715	0.25124803212399993	0.06511027592665
344	1720	0.25124803212399993	0.07004305155339
345	1725	0.25124803212399993	0.07520343395772
346	1730	0.25124803212399993	0.08098507742074
347	1735	0.2452133335274	0.08439315480408001
348	1740	0.21515085283340002	0.08480791232377
349	1745	0.16591812112210003	0.08494979851468
350	1750	0.11550822189446	0.08546445882061002
351	1755	0.07250274972979001	0.09174083335222
352	1760	0.05832420438478001	0.10367567010054002
353	1765	0.07058350098117	0.118153079964
354	1770	0.09588459341642	0.1328246201623
355	1775	0.12200118984600002	0.1370332773462
356	1780	0.13690831562970002	0.1321335275272
357	1785	0.144698312365	0.12451066064010001
358	1790	0.1460395200969	0.11472602153680003
359	1795	0.13860822839500003	0.10114564003635
360	1800	0.11006571485463001	0.07894914416643999
361	1805	0.05855407492764199	0.05312001994184
362	1810	-0.005677649000397999	0.0205776451500451
363	1815	-0.06404569420185	-0.014432234370284899
364	1820	-0.09480194972561	-0.03891062293953
365	1825	-0.09932092566772001	-0.05953057464975999
366	1830	-0.09308343553212999	-0.07311473072445998
367	1835	-0.08788819042778	-0.07529064724932999
368	1840	-0.08118527526187	-0.07257393178572
369	1845	-0.06822800474572	-0.06797658493933
370	1850	-0.052514825446510004	-0.06323244891104
371	1855	-0.037307455339039994	-0.05897974951414999
372	1860	-0.038487161167240005	-0.056952328949499996
373	1865	-0.06747935709229	-0.056805539767599986
374	1870	-0.08711525481966001	-0.05036557302176
375	1875	-0.07074008234176	-0.028736483647367
376	1880	-0.019260557687531	0.0016453025738980005
377	1885	0.06858447107253898	0.032030629759355
378	1890	0.14928477552313998	0.055975990198969997
379	1895	0.1950627234635	0.06473222801001999
380	1900	0.21892653383650001	0.061837917490829994
381	1905	0.1890169350633	0.047267073852959994
382	1910	0.11494915093989999	0.023392097584006
383	1915	0.039435878384954	-0.001011870644890001
384	1920	-0.034478444820546	-0.022517987390406002
385	1925	-0.07284534330974998	-0.03235111198144001
386	1930	-0.0754737605157	-0.0328801039414
387	1935	-0.0754737605157	-0.0328801039414
388	1940	-0.0754737605157	-0.03142923635361
389	1945	-0.0754737605157	-0.026769380967540002
390	1950	-0.0754737605157	-0.020351126304679997
391	1955	-0.0754737605157	-0.013932592575519001
392	1960	-0.07790511508063999	-0.008964926434132003
393	1965	-0.08689432846843	-0.007205960979497
394	1970	-0.10006332082643998	-0.0042350953369758
395	1975	-0.11328558789680002	0.0041184350840031995
396	1980	-0.12407650040220002	0.014884896996585
397	1985	-0.1284475978363	0.025651071797620002
398	1990	-0.13110186344860003	0.03364543281487
399	1995	-0.13647893630969998	0.04072847163499
400	2000	-0.14225598021430003	0.0533365692711
401	2005	-0.1629552472465	0.07018818212828
402	2010	-0.1997097068104	0.09229875226472
403	2015	-0.22178171152020001	0.11617597469834
404	2020	-0.2154941592512	0.1334746986893
405	2025	-0.1814997923405	0.1476837355392
406	2030	-0.12900543333683998	0.16367358735
407	2035	-0.09040630416013	0.18036426396139998
408	2040	-0.08277379904723	0.1965501176122
409	2045	-0.08882417047853	0.2103673325326
410	2050	-0.09345595490264999	0.21330933962079998
411	2055	-0.08420112434791001	0.20711701475339997
412	2060	-0.05729024721989999	0.2002969270323
413	2065	-0.03271201994433	0.19469164996170002
414	2070	-0.03186841546547	0.19272332280230003
415	2075	-0.0600351053206	0.19295022885300003
416	2080	-0.10514982498701002	0.19785111966130003
417	2085	-0.14755855296000003	0.21923880438829996
418	2090	-0.1731116367248	0.25271267353449994
419	2095	-0.19413355136669996	0.2909920396309
420	2100	-0.22425144059779994	0.33787923419029997
421	2105	-0.2576415676401	0.3760060948631
422	2110	-0.2913701178441	0.3785536068788
423	2115	-0.3181274243812	0.3432200670713
424	2120	-0.32692022975310003	0.27144172824510004
425	2125	-0.2852088488331	0.17988768575279998
426	2130	-0.18588251635983	0.11165420937894
427	2135	-0.06290129351367901	0.076496287878
428	2140	0.059860855647661006	0.06427444612396
429	2145	0.13625744571671	0.064101848004
430	2150	0.1603182859364	0.064101848004
431	2155	0.1480515998026	0.064101848004
432	2160	0.10380317226206	0.0653610927381
433	2165	0.052029669764560006	0.07377615533602
434	2170	0.004059777275209	0.08983034103784
435	2175	-0.022674173583760997	0.10899478327651999
436	2180	-0.023524843272990002	0.1282690826754
437	2185	-0.01707323311967	0.14038895954199998
438	2190	-0.015452549355359998	0.1448697133047
439	2195	-0.019244832309450004	0.1462402105305
440	2200	-0.024203186778700002	0.146241605862
441	2205	-0.02914214858132	0.14723513927229998
442	2210	-0.03018051702467	0.15090586586030003
443	2215	-0.015582842521214998	0.15798917442459998
444	2220	0.020309160035864998	0.1712198582272
445	2225	0.06982997014999001	0.19214768996070003
446	2230	0.12110471818721999	0.21467055682859998
447	2235	0.15920334036340003	0.23378084172059999
448	2240	0.1769217347134	0.24674375137460003
449	2245	0.1808858753929	0.2510322771579
450	2250	0.17335216145380003	0.2537690829625
451	2255	0.14167901446887998	0.2609546564366
452	2260	0.08253285280447001	0.269884786717
453	2265	0.0189396168285436	0.2787986195264
454	2270	-0.0288850946412264	0.2849919440019
455	2275	-0.053198797677209995	0.2840150750241
456	2280	-0.05407008408543999	0.27063021456610004
457	2285	-0.04267019328542	0.24884144038969996
458	2290	-0.021000652613273402	0.2265907613852
459	2295	0.014183254480986599	0.20735542077459995
460	2300	0.08021783594912998	0.20086947949369996
461	2305	0.17088292093068003	0.2048656027308
462	2310	0.2532358607753	0.20960972954990004
463	2315	0.3223435682427	0.2154452301682
464	2320	0.33610454282310004	0.2242919468607
465	2325	0.2830260738132	0.24191879135619998
466	2330	0.2115199330312	0.2690748059135
467	2335	0.14037295029870003	0.2975144185952
468	2340	0.09775262413155002	0.3208568505468
469	2345	0.08964258125790002	0.33351078822729996
470	2350	0.08964258125790002	0.3382645812005
471	2355	0.08964258125790002	0.34255177332279996
472	2360	0.08901419125835001	0.34674375767200005
473	2365	0.08582121944554	0.3421223958073
474	2370	0.08066638668585999	0.3061260701709
475	2375	0.07417482054189999	0.2408085855626
476	2380	0.05382747100573	0.1725342151102
477	2385	0.019455152611948003	0.12377663275039999
478	2390	-0.020541278464962	0.1185381101852
479	2395	-0.06952525380672	0.1477060000769
480	2400	-0.11037830054476001	0.1813291746213
481	2405	-0.1455664726339	0.20401466780499997
482	2410	-0.18992413329350002	0.2065759344787
483	2415	-0.23405737212910002	0.1928224472051
484	2420	-0.28071742313169995	0.17585164634650002
485	2425	-0.3213879975056	0.1611778309055
486	2430	-0.3436020642665	0.1535890091093
487	2435	-0.34990470569660004	0.1550274040933
488	2440	-0.3431907459723	0.15827992162700003
489	2445	-0.3313898539023	0.15929990889300003
490	2450	-0.32129000724459994	0.15929990889300003
491	2455	-0.3170017300925	0.1566171309727
492	2460	-0.3077393036241	0.13391478831065
493	2465	-0.2622782983455	0.08766296713618002
494	2470	-0.1864619281479	0.03519845427091199
495	2475	-0.10752981127817	-0.014583280673858001
496	2480	-0.033555328408556004	-0.044345450876539995
497	2485	0.022740516375844	-0.04803872954287999
498	2490	0.06985122942223	-0.03848488542633
499	2495	0.12561235512	-0.024334256737859997
500	2500	0.18264363953850002	-0.010101861545823503
501	2505	0.22131192821169998	0.0016111206220685004
502	2510	0.2388099837042	0.006289671697536999
503	2515	0.24454187987350004	0.0063714382011099985
504	2520	0.244850557806	0.0063714382011099985
505	2525	0.24819471289880002	0.006932059712600999
506	2530	0.25983328151550006	0.0039392244848985
507	2535	0.2791826748779	-0.0088251267558575
508	2540	0.3037785241019	-0.0254666403102
509	2545	0.3275165780379	-0.04053637409075
510	2550	0.34402281985500005	-0.04619768919581001
511	2555	0.35500358978849994	-0.0254075023684329
512	2560	0.3673738235235	0.010595914598127101
513	2565	0.3856737728034	0.04655821799723
514	2570	0.40538902775159996	0.08158996757758999
515	2575	0.41360795839060005	0.10353789233486999
516	2580	0.3872811195336	0.1147538719571
517	2585	0.3195550645968	0.1245970485945
518	2590	0.2251620677172	0.1347554023498
519	2595	0.12960203532591003	0.14659903997520002
520	2600	0.06170408866228001	0.1585988993739
521	2605	0.026789282728830004	0.1698802740393
522	2610	0.017096997394890002	0.17594326142810002
523	2615	0.02430136032778	0.1822126343535
524	2620	0.037882065162440005	0.2013567862416
525	2625	0.05220619221551999	0.22367809796380006
526	2630	0.061182077040710006	0.23772426072440003
527	2635	0.05175322509589	0.2430199730285
528	2640	0.027923724551383998	0.23482500678010002
529	2645	-0.001005333518937001	0.22580468732070003
530	2650	-0.041844593385921	0.22676652266260003
531	2655	-0.09378511096775001	0.22945002632840006
532	2660	-0.15692714010944	0.23095363529789997
533	2665	-0.22541889938680004	0.2301705159533
534	2670	-0.2785357818006	0.23015829016100003
535	2675	-0.3085653110377	0.2355552141201
536	2680	-0.31734236299359997	0.24339542312379997
537	2685	-0.3100448796606	0.2510307704752
538	2690	-0.2877493747641	0.24342156777069998
539	2695	-0.23768393495989998	0.2132024577065
540	2700	-0.17046225623220002	0.1726463190001
541	2705	-0.10888588321177	0.12820541430989002
542	2710	-0.061457450324230015	0.09527856654081
543	2715	-0.04179895234435999	0.08109342800972999
544	2720	-0.04107558820579999	0.07583748289855999
545	2725	-0.04107558820579999	0.07460608711469999
546	2730	-0.04081747863410999	0.07460608711469999
547	2735	-0.03465122175928	0.07460608711469999
548	2740	-0.020616892762181996	0.07460608711469999
549	2745	-0.0043645293742774005	0.07460608711469999
550	2750	0.0116297244419346	0.07461972464533
551	2755	0.021715830954999998	0.0752621241795
552	2760	0.024294754444629998	0.0768479059847
553	2765	0.02693749310152	0.07876194558805
554	2770	0.0239362495962	0.08066234766076
555	2775	0.012453835514707001	0.08193398772989
556	2780	-0.0003056956203400003	0.082262245528
557	2785	-0.015347076313426999	0.082262245528
558	2790	-0.02431276754729	0.082262245528
559	2795	-0.021701812588870002	0.08269675173139
560	2800	-0.008240285918574002	0.0853303126342
561	2805	0.016182856217596	0.09712390539266
562	2810	0.04708287495314	0.12145939481595
563	2815	0.07818803922692001	0.15055923589650003
564	2820	0.09407562116435	0.17751246683299998
565	2825	0.09107189675627	0.1953056659138
566	2830	0.07859621343718	0.2005569683297
567	2835	0.06207273832721001	0.200609412885
568	2840	0.04888306571849	0.200609412885
569	2845	0.042410891109710004	0.200609412885
570	2850	0.03858898277038	0.200609412885
571	2855	0.038425068421720006	0.2006094607359
572	2860	0.052095274716819996	0.2039317505194
573	2865	0.07983763577472	0.21419237673699998
574	2870	0.11128238755589	0.2274826032476
575	2875	0.139816315983	0.21933885273650003
576	2880	0.1557321302318	0.1965101098431
577	2885	0.15146685156280001	0.18378568416189997
578	2890	0.1351326374911	0.1755158901612
579	2895	0.11723638014360001	0.18854752723649998
580	2900	0.1052986047162	0.20364442356180001
581	2905	0.08204919493247	0.18802471139590002
582	2910	0.013150165433415	0.16155709342969998
583	2915	-0.088159836049685	0.1362934764602
584	2920	-0.19846654093153	0.12032735069060001
585	2925	-0.28857036408099995	0.11803517976599998
586	2930	-0.2990620400152	0.12010987014380001
587	2935	-0.2403469988276	0.12348378151099997
588	2940	-0.16371256700071002	0.12822656881199998
589	2945	-0.07603661883704699	0.1329706956311
590	2950	-0.003556570403126998	0.1367116349742
591	2955	0.03630549876126	0.13808185042590002
592	2960	0.06462905642523001	0.13864210464260002
593	2965	0.08196524625379	0.1426991751989
594	2970	0.09208097585935	0.15010426362989998
595	2975	0.10141631457733999	0.15791812877640002
596	2980	0.1054650648667	0.16517307922459998
597	2985	0.10625643538650001	0.16892987381529995
598	2990	0.1101838978909	0.16933865053099997
599	2995	0.122972345347	0.16933865053099997
600	3000	0.1431918332697	0.16933865053099997
601	3005	0.1651627203189	0.1705771488978
602	3010	0.18073100126059996	0.1741877152788
603	3015	0.18961967036449998	0.18179869655240002
604	3020	0.20686556338610002	0.19550818360390002
605	3025	0.23588824043560003	0.2112133210742
606	3030	0.2680053262234	0.22454887878350002
607	3035	0.2963992468876	0.23388402160039998
608	3040	0.31168226354869993	0.2371206586391
609	3045	0.31276595656850004	0.2375920554393
610	3050	0.29411915052250004	0.2432281675858
611	3055	0.2580884698957	0.255911407245
612	3060	0.20390060987209999	0.2708222729912
613	3065	0.11999831207450003	0.27774555871039996
614	3070	0.01494438862091601	0.2678993718061
615	3075	-0.099792095487684	0.24680125347090004
616	3080	-0.2020602976398	0.22347550904879995
617	3085	-0.2723935107249	0.20766843610629998
618	3090	-0.3075013182982	0.20346363218799995
619	3095	-0.32746113897780005	0.20346363218799995
620	3100	-0.3515656288282	0.20346363218799995
621	3105	-0.37635738299379995	0.20346363218799995
622	3110	-0.3985868266878	0.2040983974173
623	3115	-0.4091913617345	0.20761212644430005
624	3120	-0.40996233017000006	0.20996728391109998
625	3125	-0.40996233017000006	0.1952495958873
626	3130	-0.39361757028300004	0.1605728988801
627	3135	-0.342594772008	0.11404859521654001
628	3140	-0.2733460159675	0.06536838864679999
629	3145	-0.20180861576089998	0.033761027567639997
630	3150	-0.1368994010381	0.02147791024228
631	3155	-0.10005480267823001	0.018163435775600003
632	3160	-0.09315605045326	0.018163435775600003
633	3165	-0.10427613983193	0.024642019195289997
634	3170	-0.13144513193069998	0.05106891249309999
635	3175	-0.1683379243768	0.09573965505661
636	3180	-0.1949126911904	0.14289814019230002
637	3185	-0.2036545274809	0.1587102399002
638	3190	-0.2190310857393	0.12855945589578002
639	3195	-0.2610668723085	0.09557550677148999
640	3200	-0.33245227794430005	0.10941353933390999
641	3205	-0.4266621696978	0.1853066990742
642	3210	-0.517219552202	0.28433010031590006
643	3215	-0.5828751943355	0.3548037300588
644	3220	-0.6180964581963	0.3724343176412
645	3225	-0.6325959690248001	0.3528775800538
646	3230	-0.637780938818	0.3367686096254
647	3235	-0.638098042349	0.3366301330622
648	3240	-0.638098042349	0.3425312686926
649	3245	-0.638098042349	0.34923299064959995
650	3250	-0.638098042349	0.3582019072388
651	3255	-0.6381935550002	0.3668468873181
652	3260	-0.6361392263752998	0.3748620729095
653	3265	-0.6177620256975	0.39254490737649994
654	3270	-0.6107541197858	0.41799065315300005
655	3275	-0.6357728927007	0.45016876485280005
656	3280	-0.6724126651927	0.4941404711198
657	3285	-0.7276339618609	0.5312072550275999
658	3290	-0.7650939366942999	0.5548302587923
659	3295	-0.7522488537467	0.5542131910615
660	3300	-0.7091921195554	0.49336888769039994
661	3305	-0.6554660358467	0.3951077233304
662	3310	-0.5872257671207001	0.29967996547459996
663	3315	-0.4947148446444	0.22396513680070002
664	3320	-0.406019683119	0.19793192335290002
665	3325	-0.32379243387750006	0.2074845591406
666	3330	-0.2509336518042	0.2183774421797
667	3335	-0.2253073247983	0.22461974215199998
668	3340	-0.2251147715098	0.23027244191160007
669	3345	-0.20585525607679997	0.24664300516819998
670	3350	-0.1799947346117	0.2726900088621
671	3355	-0.16899227577719997	0.29543656586510003
672	3360	-0.1693924198765	0.3041638459437
673	3365	-0.1940391450813	0.2977570920914
674	3370	-0.2390383415372	0.2880752804482
675	3375	-0.2652789642759	0.2850876542991
676	3380	-0.2716078378561	0.2937931173664
677	3385	-0.2694301741573001	0.30518244977810005
678	3390	-0.2534424752561	0.3088469851623
679	3395	-0.2300898566541	0.3057435979094
680	3400	-0.20657756275	0.28095467514960004
681	3405	-0.18594828276119996	0.2350210303434
682	3410	-0.1603227298276	0.1785615403469
683	3415	-0.11789714000953996	0.11452669907741
684	3420	-0.06637286648091001	0.06862718204416
685	3425	-0.015946397357172702	0.04387238705755
686	3430	0.0258918023833473	0.02964700930968
687	3435	0.052422720678329995	0.02785904607483
688	3440	0.07078116413237001	0.03206016571952999
689	3445	0.08785072247806	0.03736242510558001
690	3450	0.09691596236116999	0.04266111244320999
691	3455	0.0980019510322	0.04640980982916
692	3460	0.0980019510322	0.0475109495705
693	3465	0.0980019510322	0.047862741186829996
694	3470	0.0980019510322	0.05294091844213
695	3475	0.09540873429732999	0.06366723838504
696	3480	0.08730624037405	0.07566710699292001
697	3485	0.07628768599723	0.08855049981164001
698	3490	0.06526913162041001	0.10155104158211
699	3495	0.05684379397845	0.11477767789339999
700	3500	0.053927733524900004	0.1295615583494
701	3505	0.053927733524900004	0.14818154508169998
702	3510	0.053927733524900004	0.17272368963589999
703	3515	0.05650395867943	0.1975317799884
704	3520	0.06854610793238	0.21978325320069997
705	3525	0.08475130051780001	0.2419481574419
706	3530	0.08988964681705	0.2592333279567
707	3535	0.08353011299006999	0.270433682387
708	3540	0.06712319076767	0.26633436409469996
709	3545	0.046553225212780006	0.2388147817793
710	3550	0.026189811809124997	0.201044194264
711	3555	-0.014237500695585001	0.16686692345210002
712	3560	-0.07468604644251	0.15203610474360002
713	3565	-0.15255834335683	0.16155315643039997
714	3570	-0.2440390915448	0.1869083146601
715	3575	-0.31887287573649997	0.2160764462751
716	3580	-0.3760231049526	0.2483438341256
717	3585	-0.41585256733090004	0.2844286407265
718	3590	-0.4312132843004	0.31229519613670004
719	3595	-0.43423541119340003	0.33154880131449993
720	3600	-0.43066662734190003	0.33577581359840003
721	3605	-0.39667036348810003	0.31411108270029997
722	3610	-0.34114549257149995	0.2728070952277
723	3615	-0.29594019673419997	0.23140072447650004
724	3620	-0.265303575234	0.2046462187016
725	3625	-0.27072373044209996	0.19908972394320004
726	3630	-0.2944174784892001	0.216196672903
727	3635	-0.2860879162151	0.23742163686870002
728	3640	-0.24962320430670001	0.2516011174667
729	3645	-0.20894558731400004	0.26119472903320007
730	3650	-0.17186271248579998	0.2717530155817
731	3655	-0.15648357289899997	0.288447241593
732	3660	-0.15834267679089997	0.30735041677700004
733	3665	-0.15868240473199996	0.33179956217389994
734	3670	-0.1612009916605	0.3628451752502
735	3675	-0.1790937738118	0.39284759105450007
736	3680	-0.2149740888457	0.42075218193930003
737	3685	-0.2559863284678999	0.4426605255528
738	3690	-0.2944799811617	0.450728730522
739	3695	-0.3175994386327	0.450839854775
740	3700	-0.322731363221	0.450839854775
741	3705	-0.3277847483345	0.4515910166714
742	3710	-0.3428950589195	0.4570482145084999
743	3715	-0.35987963971160003	0.46783418680590005
744	3720	-0.36974357879389996	0.4799940595194
745	3725	-0.3699121993648	0.4914027703366
746	3730	-0.3593733326253	0.49810544521300004
747	3735	-0.3469601956785	0.4997435789176
748	3740	-0.34166770044170003	0.5035029897312
749	3745	-0.34101713860300004	0.5105938613471
750	3750	-0.34101713860300004	0.5046880410655
751	3755	-0.34110915044210005	0.4822856332919
752	3760	-0.34578309137139995	0.46132462407490005
753	3765	-0.3689458238485	0.4543342820496
754	3770	-0.3957962495785	0.4695710380942999
755	3775	-0.39612301763139995	0.5005118187969
756	3780	-0.387490253718	0.5275671615716
757	3785	-0.3599897798112	0.5398823718907
758	3790	-0.33496480109960003	0.5409343338754
759	3795	-0.388132402195	0.5413112347228
760	3800	-0.47595587790050004	0.533642807478
761	3805	-0.5507986345478	0.5154575925539
762	3810	-0.5855164523334	0.5026354908983001
763	3815	-0.5404007743592	0.4933378341996001
764	3820	-0.4536823887703	0.4908765277224999
765	3825	-0.3721850606236	0.4954543379055001
766	3830	-0.30209345247869995	0.4834286063062
767	3835	-0.2085022307093	0.4471284490337
768	3840	-0.09957247102652	0.4021895459394
769	3845	-0.011695296485234007	0.3580900763731
770	3850	0.042930322306546	0.3263884448641
771	3855	0.04476217457704	0.31664018475409994
772	3860	0.019931053053328998	0.3156885101826
773	3865	0.008013936609734	0.31481307756400007
774	3870	0.006540815163359001	0.31481307756400007
775	3875	0.00198411388214543	0.3148197193600001
776	3880	-0.00806853021216957	0.31478676993359994
777	3885	-0.019563476519591	0.30704768404509997
778	3890	-0.030806892486389997	0.290295758189
779	3895	-0.037745137512589996	0.272184254013
780	3900	-0.0391874397257	0.25163107842849997
781	3905	-0.0391874397257	0.23295311560579995
782	3910	-0.0391874397257	0.21990751570880002
783	3915	-0.03429712908605	0.208184036363
784	3920	-0.020178777678643	0.1989812966444
785	3925	-0.0029053704647619	0.2036432185516
786	3930	0.007666821418746099	0.22627818330960006
787	3935	0.00032181410272700097	0.25562438099100004
788	3940	-0.024017250452978	0.28501321374750005
789	3945	-0.050464401862349996	0.3063683085787
790	3950	-0.06395152159711001	0.31313083760079996
791	3955	-0.05843463330005	0.31401554430309997
792	3960	-0.036967330896279	0.3138841017996
793	3965	-0.006903729200005998	0.3089035989500001
794	3970	0.019382867763863	0.30081066752
795	3975	0.03742053900549	0.29191514145860004
796	3980	0.03939696584499	0.28395365253160004
797	3985	0.021722880783931	0.28084122395100003
798	3990	-0.004945222468405	0.28062281704680003
799	3995	-0.031451522911706	0.27801272531239996
800	4000	-0.050080976587659996	0.2726895053382
801	4005	-0.05870318660835	0.2668264350502
802	4010	-0.060813190049599994	0.261184506516
803	4015	-0.06122847079836	0.2594733691788
804	4020	-0.06451889671101	0.26312375492480006
805	4025	-0.07065964917211	0.2684558744253
806	4030	-0.07719086376655	0.27549538011249997
807	4035	-0.08330679761222001	0.2865432326157
808	4040	-0.09112800054193002	0.30479775444519996
809	4045	-0.10436279497859999	0.3280758873437
810	4050	-0.12089063108900003	0.3502052943402
811	4055	-0.13632691746130002	0.36631812804309993
812	4060	-0.1405312382519	0.3658799573634
813	4065	-0.12758343404189998	0.3265096924428
814	4070	-0.10754559826199998	0.2547935947428
815	4075	-0.08600335980562	0.1786857316711
816	4080	-0.05483677723199	0.10927380881241003
817	4085	-0.0171708773335963	0.07262848568476002
818	4090	0.0187177536221437	0.0719326404674
819	4095	0.05201043216344999	0.08702817143161999
820	4100	0.06902721525368001	0.10896437445367
821	4105	0.07065647407380002	0.1309757991
822	4110	0.07065647407380002	0.14882218348089998
823	4115	0.07065647407380002	0.15573807716280003
824	4120	0.07065647407380002	0.155813298787
825	4125	0.07065647407380002	0.155813298787
826	4130	0.0707150027116	0.155813298787
827	4135	0.07088396274143	0.155813298787
828	4140	0.07110482552548	0.1557467860754
829	4145	0.07106449176134	0.1550268225769
830	4150	0.06683732365451	0.1570624030091
831	4155	0.05740532042581	0.16298137201239998
832	4160	0.046694119869739995	0.16950776029240003
833	4165	0.03624411586186	0.17668759935949999
834	4170	0.02992241755891001	0.18111189449589996
835	4175	0.028695122985800008	0.18165280106099999
836	4180	0.028712311949170004	0.18165280106099999
837	4185	0.0304510418315	0.18239425140540003
838	4190	0.03492722452627	0.18803946601039997
839	4195	0.04043650807788	0.1985657155855
840	4200	0.045928602666130004	0.2098106862146
841	4205	0.04969915633544001	0.22031420649959998
842	4210	0.0507322571923	0.225913962524
843	4215	0.0507322571923	0.22663268357799998
844	4220	0.05096441804875	0.22663268357799998
845	4225	0.059338188060609996	0.22746675688589998
846	4230	0.08229870654008001	0.2302087045465
847	4235	0.11199266472736999	0.22503722451700003
848	4240	0.1415106015973	0.2081996308682
849	4245	0.1642658924844	0.18861444941
850	4250	0.18218449862320002	0.16820579382439999
851	4255	0.1956390958183	0.15602959577150002
852	4260	0.2089590506791	0.1555195113379
853	4265	0.23549228324550003	0.1594375065395
854	4270	0.25955418924250007	0.1676543285245
855	4275	0.25864787967159997	0.17986160176329996
856	4280	0.2320034859367	0.19485953783679996
857	4285	0.18635871242729998	0.20869275238959997
858	4290	0.13343520176803997	0.21714273993390001
859	4295	0.10321047591279002	0.22128324638189997
860	4300	0.09880233701670002	0.22263308999500003
861	4305	0.10109028007048	0.22263308999500003
862	4310	0.12356698806353002	0.22263308999500003
863	4315	0.1700430969314	0.21526275734750003
864	4320	0.2226879562477	0.1898096602814
865	4325	0.2731150439695	0.15492576643
866	4330	0.30335336675200003	0.12259242427622999
867	4335	0.30959228865970007	0.09889833148163
868	4340	0.30966246011900006	0.09328700310551001
869	4345	0.30966246011900006	0.09710647151471
870	4350	0.30983049321460004	0.09845910811144
871	4355	0.3140588668224	0.09935212021851
872	4360	0.31199952978230006	0.10113814443276999
873	4365	0.2692448645478	0.10309160841710001
874	4370	0.18829745074809995	0.1049613525165
875	4375	0.08793786337981799	0.1060218043939
876	4380	-0.015251125399532	0.10713544630460001
877	4385	-0.08416435436922999	0.1107811689831
878	4390	-0.12390719914838	0.11835226554480001
879	4395	-0.1525583187572	0.1411658287981
880	4400	-0.1726429869565	0.18602080076650002
881	4405	-0.1863080867708	0.2401827477322
882	4410	-0.1911188553063	0.29272439075080003
883	4415	-0.1847323981435	0.33023934112819997
884	4420	-0.13681076845546	0.34476668064950006
885	4425	-0.050482450877131005	0.34728752463560003
886	4430	0.038343186616788996	0.3434039104344
887	4435	0.11772695520565998	0.33140912046480003
888	4440	0.15548343473790002	0.3156183170288
889	4445	0.15483322637969998	0.29986297114930005
890	4450	0.1519796554865	0.29189914085409996
891	4455	0.16078295767099998	0.3001871938039
892	4460	0.1916716166177	0.3174108811188
893	4465	0.24040812178979998	0.33503892002519997
894	4470	0.28705385336489997	0.3489748315988
895	4475	0.30888183629820004	0.35547836342359995
896	4480	0.2928511241383	0.35937929461019996
897	4485	0.2343449792201	0.3684987867156
898	4490	0.16033001678200004	0.3808063864535
899	4495	0.10149189747691001	0.38953463785860004
900	4500	0.0590698936838	0.39392796640100003
901	4505	0.04127547642364	0.3926629248768
902	4510	0.0407866928999	0.38556483909960004
903	4515	0.04090890507532	0.3604578436942
904	4520	0.04772960861801999	0.31200695378910004
905	4525	0.07797586891131	0.25629289251489995
906	4530	0.13707548484586002	0.20316343364420003
907	4535	0.20849820804659996	0.17252529289989998
908	4540	0.2828177541325	0.16946029080109998
909	4545	0.34951175754249997	0.17434289928350002
910	4550	0.3939983464926	0.179285841983
911	4555	0.4260396160011	0.18240162273830002
912	4560	0.4484855712574	0.1843217690596
913	4565	0.455131512439	0.1891314826072
914	4570	0.455131512439	0.19630741608780003
915	4575	0.4567747097664999	0.20167223537450002
916	4580	0.48174807915380014	0.2015874045906
917	4585	0.5378075162127	0.1955861020762
918	4590	0.6049243173129001	0.18725102249910003
919	4595	0.6711824968580999	0.18610512805190002
920	4600	0.7025683448857001	0.1944407751843
921	4605	0.6895179939923	0.1955966368664
922	4610	0.6628925364273001	0.18112741469340002
923	4615	0.6377341577179	0.15676634751940002
924	4620	0.6268510747580001	0.1312401838781
925	4625	0.6300432606672001	0.12025946868679997
926	4630	0.6358377796532	0.12428627951570001
927	4635	0.6393855029922999	0.12212849856509997
928	4640	0.6402000900393999	0.10803521075144
929	4645	0.6402895394667999	0.08631951199156
930	4650	0.640294398448	0.06063547442496
931	4655	0.640294398448	0.014002314800786597
932	4660	0.640294398448	-0.0694205841485034
933	4665	0.640294398448	-0.16548130440814998
934	4670	0.640294398448	-0.2569885708967
935	4675	0.640294398448	-0.3168483494829001
936	4680	0.640294398448	-0.33208538403200005
937	4685	0.640294398448	-0.33208538403200005
938	4690	0.640294398448	-0.33208538403200005
939	4695	0.640294398448	-0.33208538403200005
940	4700	0.640294398448	-0.33208538403200005
941	4705	0.640294398448	-0.33208538403200005
942	4710	0.640294398448	-0.33208538403200005
