Id	Time	MeanValence	MeanArousal
0	0	1.53006792428e-05	-0.2529732577211
1	5	-0.0023882461898721997	-0.2719807452557
2	10	-0.008887623049807999	-0.28799643031450006
3	15	-0.018425081178333	-0.291854459308
4	20	-0.030003500097929996	-0.29180968082500003
5	25	-0.04002086214354	-0.29180968082500003
6	30	-0.04591165923229999	-0.28443571563229997
7	35	-0.052370563916690004	-0.22331742184130002
8	40	-0.06707706964256001	-0.09076913802948
9	45	-0.09314383771551	0.07100389819827999
10	50	-0.12543854574419	0.23600305692885998
11	55	-0.15489402413199999	0.35963714875619995
12	60	-0.1753317252175	0.42093340611589997
13	65	-0.1917944175518	0.4566509488927
14	70	-0.2109294377028	0.4740993371508
15	75	-0.2343476020076	0.4661539893798
16	80	-0.2597109003772	0.4444554543204
17	85	-0.27707217147070007	0.4192970751231
18	90	-0.28553317479220003	0.40174059502399995
19	95	-0.28894480970270003	0.3971538107759
20	100	-0.29448890909610004	0.3973261795518
21	105	-0.32596367523680003	0.4011663086884
22	110	-0.3871335494937	0.4129367751144001
23	115	-0.45831303491549996	0.43521108497270006
24	120	-0.5265617701971	0.46531386080230003
25	125	-0.5715347624072	0.4934462125106
26	130	-0.5902235272513999	0.5157321061496001
27	135	-0.6012329340990001	0.5295834776382999
28	140	-0.6101997687381	0.5358919317222999
29	145	-0.6135398410024999	0.5403616343549
30	150	-0.5960626568634	0.5427474577675001
31	155	-0.5626748269514	0.5430639598980002
32	160	-0.5399924924320001	0.5430639598980002
33	165	-0.5309478242716	0.5424340905433
34	170	-0.5440904416879	0.5358297477589999
35	175	-0.5763363514316	0.5226700323327
36	180	-0.598980598317	0.5082995483392
37	185	-0.6032377079005	0.49455893370029996
38	190	-0.5805300539081	0.4869106677428
39	195	-0.5278997098763	0.4873109494437
40	200	-0.4459688293898001	0.4906846418011
41	205	-0.3520506221681	0.49452802122940004
42	210	-0.2815805124448	0.5004768614304
43	215	-0.2386875871895	0.5166472065294001
44	220	-0.22407887878350002	0.5415985762027999
45	225	-0.2262822622736	0.548400704175
46	230	-0.2134598335498	0.5306086906179999
47	235	-0.1885005556356	0.48931512068000005
48	240	-0.1667877032633	0.4253141477333
49	245	-0.1511185635751	0.37496064566180004
50	250	-0.15245877788400003	0.3470439980648
51	255	-0.1643129554448	0.3309142269344
52	260	-0.1724441694505	0.32694819214910004
53	265	-0.17724646329240004	0.327014241119
54	270	-0.17880097150500002	0.327014241119
55	275	-0.17880097150500002	0.327014241119
56	280	-0.18021205927	0.327014241119
57	285	-0.1849436661146	0.327014241119
58	290	-0.19158470427410002	0.327014241119
59	295	-0.198225742434	0.327014241119
60	300	-0.20739940695910003	0.3281331517717
61	305	-0.22095615670470004	0.3322666101877
62	310	-0.2363633653057	0.3383210752171
63	315	-0.24776491133429998	0.34440090974930004
64	320	-0.24028234132309997	0.34936183362890005
65	325	-0.215382925633	0.3513082097452001
66	330	-0.1894420721387	0.35133357924800007
67	335	-0.1690038356241	0.35133357924800007
68	340	-0.16350600101950002	0.3513015219308001
69	345	-0.16772140779300002	0.349814727236
70	350	-0.168272677432	0.3461491430103
71	355	-0.1648193342755	0.341727449314
72	360	-0.1598764674357	0.3385086467001
73	365	-0.1589035221252	0.34367900951779995
74	370	-0.1650816680501	0.3582231384061
75	375	-0.1760754072392	0.3798401169546
76	380	-0.18855867011170005	0.4060316927145
77	385	-0.1970720114541	0.4260269300617
78	390	-0.199379946329	0.43870520747270003
79	395	-0.199379946329	0.44528081393870006
80	400	-0.199379946329	0.4478245610768001
81	405	-0.200646418609	0.4514072853371999
82	410	-0.20834098900979997	0.4553895573537
83	415	-0.22180858551120003	0.4591577601255
84	420	-0.2358875822725	0.4612123912485
85	425	-0.24870010675390003	0.461489955608
86	430	-0.25508453311430007	0.461489955608
87	435	-0.25569593337400004	0.461489955608
88	440	-0.2588308768102	0.461489955608
89	445	-0.27068433712179996	0.461489955608
90	450	-0.28830184772619993	0.461489955608
91	455	-0.30609983518420003	0.461489955608
92	460	-0.3207628792061	0.46165446798770005
93	465	-0.32752733580980004	0.46353799745659996
94	470	-0.3381948121693	0.467229864845
95	475	-0.36005374442400007	0.46286936528030004
96	480	-0.38660569059050004	0.4523546737503
97	485	-0.41533269735260003	0.4462590713768
98	490	-0.43521940236420004	0.44265558543559996
99	495	-0.4437341746272	0.44758333513089993
100	500	-0.4484380215325	0.45850076441170007
101	505	-0.45227184952810007	0.4632800874467001
102	510	-0.4565219511994	0.46375895613000007
103	515	-0.4607722122554	0.46375895613000007
104	520	-0.4641403847574	0.46375895613000007
105	525	-0.46150447578990006	0.46375895613000007
106	530	-0.4419531512571999	0.46375895613000007
107	535	-0.409811001171	0.4638320798755
108	540	-0.3768714481812	0.4660216462266
109	545	-0.3478110055183	0.4711780015385
110	550	-0.33442293644660004	0.47725782695099994
111	555	-0.333625533543	0.4841282157317
112	560	-0.3358193081887	0.4980863979878
113	565	-0.3436993007072	0.5234083428212001
114	570	-0.3548971588482	0.5550343337332
115	575	-0.36357153806090003	0.5758443541386
116	580	-0.36326822768559996	0.5726700419026
117	585	-0.3301535454618	0.5515002808035001
118	590	-0.2669294780991999	0.5235217213587
119	595	-0.20237060820439998	0.5077120240685
120	600	-0.14483875095	0.5092294336583001
121	605	-0.11443204767120001	0.4961466819015
122	610	-0.11081686390880001	0.4570828519588
123	615	-0.11105996160700002	0.4092030915306001
124	620	-0.11105996160700002	0.3586505235827
125	625	-0.12248281521340001	0.32636301430680004
126	630	-0.1575477696131	0.3196378653837001
127	635	-0.20509303425580003	0.3195120681840001
128	640	-0.2557324933626	0.3195120681840001
129	645	-0.2987112048595001	0.32469912814249996
130	650	-0.3233474773658	0.3455898912825
131	655	-0.3441854550399	0.3752345123816
132	660	-0.36627360884719995	0.4026609501697
133	665	-0.3846326990587	0.41654424003179996
134	670	-0.3976921274678001	0.40337451389260004
135	675	-0.4020695404662001	0.3780023068949
136	680	-0.40210258286700007	0.3548482832082
137	685	-0.40122984398450007	0.34005034748869994
138	690	-0.38644503088300003	0.33660172458899995
139	695	-0.3532018474215	0.3374752596056
140	700	-0.3099893996035	0.3404478096049
141	705	-0.2622761312234	0.3478587285863
142	710	-0.22765160695070003	0.36489785275709996
143	715	-0.2114854530381	0.38766391618849994
144	720	-0.20528856348229998	0.40851612274040006
145	725	-0.20452452024149997	0.4249299603103
146	730	-0.20637599397349998	0.4317155926913
147	735	-0.21089244460969997	0.43218154544450005
148	740	-0.22184254280349996	0.43536139276710006
149	745	-0.23932523579140003	0.44222825262640003
150	750	-0.25802536646569996	0.45239872044319995
151	755	-0.28224674381689996	0.46505804363409997
152	760	-0.3067485116192	0.477396179738
153	765	-0.32513534624470003	0.4888182460145001
154	770	-0.3428341319034	0.5100714388109
155	775	-0.35600753827220005	0.547911361918
156	780	-0.377160538248	0.6054534522349
157	785	-0.42699574892590003	0.6707349412114
158	790	-0.49045111855370005	0.7080676776532
159	795	-0.5503527616047	0.7180591246875
160	800	-0.5955607730400999	0.7079316925340999
161	805	-0.6116096252855999	0.6874461355035
162	810	-0.6117167429999999	0.6817745965298
163	815	-0.610924933535	0.6840879666293
164	820	-0.5849467742772001	0.6827389091169999
165	825	-0.5088362705637001	0.6657285163319999
166	830	-0.4068880988955	0.6245822146903001
167	835	-0.3056310461581	0.5730143038148001
168	840	-0.2287316275581	0.5226541217891
169	845	-0.2016845469013	0.4878030585444
170	850	-0.2008304666945	0.4770879041568
171	855	-0.196517811348	0.476794359003
172	860	-0.18938736262469996	0.476794359003
173	865	-0.1806096135997	0.476794359003
174	870	-0.16883785296840004	0.4762140677064
175	875	-0.1574574829307	0.4618728466896
176	880	-0.14512671131899998	0.4213344645374
177	885	-0.1310909003154	0.36749216115429995
178	890	-0.117406840166	0.31394275054869997
179	895	-0.10581587192549999	0.27419024285399995
180	900	-0.09882181429131	0.25934021238470006
181	905	-0.09572298672129001	0.25421996247770007
182	910	-0.09970113584268	0.24742486503289998
183	915	-0.11088331767550001	0.2422851571413
184	920	-0.12366758447160002	0.2410772633053
185	925	-0.1367781849401	0.2545583516755
186	930	-0.1490699658683	0.28442921605239996
187	935	-0.1591669466367	0.31715730965809996
188	940	-0.1682142804582	0.3472571717654999
189	945	-0.1766723967491	0.3662421923353
190	950	-0.18115928414559995	0.3707996829554999
191	955	-0.1819679975094	0.37080858160299995
192	960	-0.18943570170250001	0.37080858160299995
193	965	-0.21798271029260002	0.37080858160299995
194	970	-0.2682611087802	0.37080858160299995
195	975	-0.32747725777899994	0.37080858160299995
196	980	-0.3874813245556	0.37080858160299995
197	985	-0.4339036009768001	0.3714496401292
198	990	-0.45967944177889997	0.3740429889797
199	995	-0.47626125672259995	0.3779864189626
200	1000	-0.4848437250426999	0.38196869827990004
201	1005	-0.4859286793209999	0.385309919071
202	1010	-0.4859286793209999	0.38669884953769995
203	1015	-0.4859286793209999	0.386737698872
204	1020	-0.479069123147	0.386737698872
205	1025	-0.45680251512700004	0.386737698872
206	1030	-0.42604153971149994	0.386737698872
207	1035	-0.40767773797389995	0.386737698872
208	1040	-0.4192310229098	0.386737698872
209	1045	-0.4569048447903	0.386737698872
210	1050	-0.5030186837553	0.386737698872
211	1055	-0.5233214865739999	0.386737698872
212	1060	-0.48492000898260007	0.386737698872
213	1065	-0.4119611272403	0.386737698872
214	1070	-0.3376114308346	0.3867446630398
215	1075	-0.2852528445088	0.3918806755202
216	1080	-0.2956914003387	0.4095287975093
217	1085	-0.3702723412833	0.44470784631570004
218	1090	-0.47080606428110006	0.49152168296800003
219	1095	-0.5655531310377999	0.5347073218683001
220	1100	-0.6330465849456	0.5653808512599999
221	1105	-0.6608888350742	0.5785234538343998
222	1110	-0.6679489321377	0.5800243043949999
223	1115	-0.6756886203287	0.5797889598758998
224	1120	-0.683923509891	0.5768792109834
225	1125	-0.6915111371705001	0.5707167249827
226	1130	-0.6953733004364002	0.5662332872585
227	1135	-0.6957652812040002	0.5653767631334
228	1140	-0.6957652812040002	0.5697859990505999
229	1145	-0.6957652812040002	0.5802016283061
230	1150	-0.6957652812040002	0.5899993533958999
231	1155	-0.6957652812040002	0.5962978965952
232	1160	-0.6957652812040002	0.5921499479508
233	1165	-0.6957652812040002	0.5701050065170999
234	1170	-0.6844985714586002	0.5396273256142
235	1175	-0.6398181870811	0.5092814753582
236	1180	-0.5729336715676	0.4874974829799001
237	1185	-0.5037488937886001	0.4828255332796
238	1190	-0.43491721249169996	0.48680959689330006
239	1195	-0.3921279210749	0.4907918762105
240	1200	-0.3751895341538	0.494067433825
241	1205	-0.36739282415959995	0.49537428532090005
242	1210	-0.37663223959610004	0.4954567626735
243	1215	-0.39488711480629995	0.49645852532310003
244	1220	-0.39646413742700004	0.4989236385381
245	1225	-0.3713859618631	0.5034904400724999
246	1230	-0.33346124666039995	0.509625100317
247	1235	-0.29393549660659996	0.5149259314685
248	1240	-0.2674408257823	0.5187634120545
249	1245	-0.2607599384813	0.5204992043210002
250	1250	-0.26080307865200003	0.5206070940650002
251	1255	-0.26080307865200003	0.5206070940650002
252	1260	-0.26080307865200003	0.5206070940650002
253	1265	-0.2613130880152	0.5206070940650002
254	1270	-0.2670748540796	0.5206688192812001
255	1275	-0.2778728549193	0.5225668586190999
256	1280	-0.27159915227919995	0.5260582049909001
257	1285	-0.23745588419660005	0.5290406612464
258	1290	-0.1880508550291	0.5316337840411001
259	1295	-0.13359295186494996	0.5282550428532
260	1300	-0.09620675218043	0.5071152548493
261	1305	-0.08618010857528	0.4725186173480001
262	1310	-0.086163469354	0.4363160383988
263	1315	-0.08243598526379	0.4031252602027
264	1320	-0.07233310082327002	0.3817858335096
265	1325	-0.05954858225334	0.36847788574289997
266	1330	-0.04352838592269	0.35401036954630005
267	1335	-0.02536438980729	0.3403151058513
268	1340	-0.0109064110081055	0.3309362304353
269	1345	0.0008699927121995004	0.32749161570640006
270	1350	0.009410718671784998	0.3271401191
271	1355	0.011588830011707	0.3271401191
272	1360	0.0050610118098020004	0.3271401191
273	1365	-0.008546320970265	0.3271401191
274	1370	-0.023687893514929996	0.3271401191
275	1375	-0.03833813531487	0.3271401191
276	1380	-0.046951830607089996	0.3271401191
277	1385	-0.0484860703717	0.3271401191
278	1390	-0.0484860703717	0.3271401191
279	1395	-0.0484860703717	0.3271401191
280	1400	-0.046548427272960005	0.3271401191
281	1405	-0.03727222195656	0.3271401191
282	1410	-0.022230052808554	0.3271401191
283	1415	-0.0068228389478714995	0.32714896859340004
284	1420	0.006646731814062501	0.3281887840646
285	1425	0.01277774035833	0.33087903004929997
286	1430	0.013142785070999998	0.33419759006300004
287	1435	0.011358179705306	0.3375073005833
288	1440	0.0015072596713069993	0.3397860451259
289	1445	-0.017701912641759	0.340414359155
290	1450	-0.04244972482556	0.340414359155
291	1455	-0.07107156923877	0.340414359155
292	1460	-0.09522914663269	0.340414359155
293	1465	-0.11349658049312002	0.340414359155
294	1470	-0.13002067653120003	0.340414359155
295	1475	-0.1416188352252	0.340414359155
296	1480	-0.14961494626990002	0.340414359155
297	1485	-0.15414294856900002	0.340414359155
298	1490	-0.15487564882000002	0.3402237410679
299	1495	-0.15487564882000002	0.3389325999854
300	1500	-0.15487564882000002	0.3379351467776
301	1505	-0.15487564882000002	0.3396116889113999
302	1510	-0.15487564882000002	0.34601503928620003
303	1515	-0.15487564882000002	0.358220474226
304	1520	-0.15487564882000002	0.37176799526509996
305	1525	-0.15487564882000002	0.3826415209623
306	1530	-0.15487564882000002	0.3889788565058
307	1535	-0.1549057725782	0.39061463048
308	1540	-0.164557063389	0.39061463048
309	1545	-0.1902495475922	0.39061463048
310	1550	-0.22239218189360002	0.39061463048
311	1555	-0.2545046924368	0.39061463048
312	1560	-0.2769960359276	0.39061463048
313	1565	-0.283446186026	0.39061463048
314	1570	-0.283446186026	0.39061463048
315	1575	-0.283446186026	0.39061463048
316	1580	-0.283446186026	0.39061463048
317	1585	-0.2802854811689	0.39061463048
318	1590	-0.2667101597475	0.3906155700869
319	1595	-0.24537974417240002	0.3925895783026
320	1600	-0.22287604676989997	0.39815527018970004
321	1605	-0.191423231919	0.40534051674629995
322	1610	-0.13328585168001	0.4125248236959
323	1615	-0.05691579045174999	0.4172901798722
324	1620	-0.012601619479280998	0.4168566500211
325	1625	-0.013491150859383	0.41524944766500005
326	1630	-0.053364819695781995	0.41524944766500005
327	1635	-0.11922626367533999	0.4156953298294
328	1640	-0.1539345701103	0.4177484143499
329	1645	-0.15476413266579997	0.4193556167060001
330	1650	-0.1531823448855	0.4193556167060001
331	1655	-0.15158849698940002	0.4193556167060001
332	1660	-0.15026517820949997	0.4193556167060001
333	1665	-0.1497267232618	0.4193556167060001
334	1670	-0.149714663146	0.4193556167060001
335	1675	-0.149714663146	0.4193556167060001
336	1680	-0.1498037593332	0.4193556167060001
337	1685	-0.1603117437951	0.4193556167060001
338	1690	-0.18759887316850002	0.4193556167060001
339	1695	-0.22670450270369996	0.4193556167060001
340	1700	-0.2880815311624	0.4227515935941001
341	1705	-0.3572514195309	0.4419859836423
342	1710	-0.4112232442151	0.4758014673804
343	1715	-0.4568110673632	0.5061501110511
344	1720	-0.4838112537311	0.5295314712694
345	1725	-0.493298732435	0.5475357706118998
346	1730	-0.5012051299116	0.560043434363
347	1735	-0.505677028762	0.5766752349166999
348	1740	-0.4956275286026	0.5968783420349
349	1745	-0.4472181917253	0.6066200968682999
350	1750	-0.37857708808749996	0.6072773936029999
351	1755	-0.3213701416460001	0.6072773936029999
352	1760	-0.2796654043223	0.6072773936029999
353	1765	-0.27562146319659997	0.6072773936029999
354	1770	-0.29186969763919995	0.6072773936029999
355	1775	-0.2979670649046	0.6072773936029999
356	1780	-0.3010218765723	0.6078210400865
357	1785	-0.3045649198695	0.6139196526425
358	1790	-0.30804755435889997	0.6262453277825001
359	1795	-0.31024689882929996	0.639786745918
360	1800	-0.3126722945382	0.65278451757
361	1805	-0.32588902183159996	0.6602273231489999
362	1810	-0.34965373566420005	0.6610372279750999
363	1815	-0.37563714160179995	0.6468702808093
364	1820	-0.4020435573593	0.6195457609385
365	1825	-0.41851747910099996	0.5968817449363001
366	1830	-0.4236421231625	0.5808052999432
367	1835	-0.4222311155655	0.5828174584231001
368	1840	-0.4144455427599	0.6010906653371999
369	1845	-0.40481417785890006	0.6144250967342
370	1850	-0.39598410409900003	0.6194401112517001
371	1855	-0.39329021092509997	0.6187631272502
372	1860	-0.39947450395039996	0.6170492470725001
373	1865	-0.4092526719526	0.6200383888789001
374	1870	-0.41908141817719996	0.6275233855069
375	1875	-0.4174886905138999	0.6363728861775999
376	1880	-0.38901775953779993	0.6431558072955
377	1885	-0.3450056781933	0.645513978078
378	1890	-0.30090917590559996	0.645513978078
379	1895	-0.2664149264736	0.645513978078
380	1900	-0.2539350854642	0.645513978078
381	1905	-0.25390124274299997	0.645513978078
382	1910	-0.25390124274299997	0.6449631405967
383	1915	-0.25390124274299997	0.6366459322067
384	1920	-0.2534450829285	0.6239338854243
385	1925	-0.2440201185278	0.5996058446609
386	1930	-0.2212234703288	0.549188959528
387	1935	-0.1910227009254	0.4945483272614
388	1940	-0.1587232657658	0.4445154081796
389	1945	-0.13531535154059998	0.406098483079
390	1950	-0.1199033170823	0.3943212398289
391	1955	-0.10321063808802	0.394534114621
392	1960	-0.08569628269662	0.394534114621
393	1965	-0.06825921095708999	0.394534114621
394	1970	-0.05619794324874	0.3950019881504
395	1975	-0.055257215052	0.3972758697502
396	1980	-0.08055346476008	0.40096239881209994
397	1985	-0.13090784320193	0.40472344079519995
398	1990	-0.185895648212	0.40801660924899996
399	1995	-0.2384476794509	0.40950376963209995
400	2000	-0.26813923475340007	0.409578282553
401	2005	-0.2727870106683	0.409578282553
402	2010	-0.2714756230542	0.409578282553
403	2015	-0.25224719833540005	0.409578282553
404	2020	-0.2134925104789	0.409578282553
405	2025	-0.17177416093639997	0.409578282553
406	2030	-0.1313815483543	0.409578282553
407	2035	-0.10890597287680001	0.409578282553
408	2040	-0.10595666053700001	0.409578282553
409	2045	-0.10595666053700001	0.409578282553
410	2050	-0.10595666053700001	0.409578282553
411	2055	-0.10595666053700001	0.409578282553
412	2060	-0.10595666053700001	0.409578282553
413	2065	-0.10595666053700001	0.409578282553
414	2070	-0.10897987440999998	0.409578282553
415	2075	-0.121724295634	0.409578282553
416	2080	-0.1414070628545	0.409578282553
417	2085	-0.1613301825937	0.41083402724669993
418	2090	-0.17823008846000002	0.41600016260069994
419	2095	-0.18540878697530003	0.42598829074379996
420	2100	-0.18564913949400003	0.43817532552329996
421	2105	-0.1861854698264	0.44913817542330003
422	2110	-0.190745738655	0.45619063466299997
423	2115	-0.1994184045644	0.4584211011132
424	2120	-0.20871585939069998	0.458452660927
425	2125	-0.21315558462050005	0.45924778790600007
426	2130	-0.20339029028519998	0.4614809575579
427	2135	-0.18360657898469998	0.46435704290339996
428	2140	-0.1631517406876	0.46723312824849994
429	2145	-0.1440116638505	0.46931408661449997
430	2150	-0.12310607486719997	0.4699570023080001
431	2155	-0.10420725929350998	0.47111208328420007
432	2160	-0.09829381097119	0.47692753219609996
433	2165	-0.10375391196988	0.48645512513559996
434	2170	-0.12162919746550001	0.4961895751433
435	2175	-0.1434037294359	0.5047689441749001
436	2180	-0.1522392322344	0.5117023769981001
437	2185	-0.1527022377787	0.5233851763047
438	2190	-0.1525964884544	0.5404137098025998
439	2195	-0.1576413259714	0.5568932908294
440	2200	-0.1737611049463	0.5670920446444
441	2205	-0.2118873686133	0.5674893848502001
442	2210	-0.2685600186414	0.5626023877563
443	2215	-0.3224086637018	0.5550977955995999
444	2220	-0.3665836783746	0.5520372720689
445	2225	-0.3868357673938	0.5538286020479999
446	2230	-0.3789091678471	0.5567034828664001
447	2235	-0.3617759134291	0.5636172500438998
448	2240	-0.32529251707069995	0.5690453813224001
449	2245	-0.25195316391289996	0.5703205041329
450	2250	-0.16642367444081002	0.5630875820352
451	2255	-0.08710027217652998	0.5478647976027
452	2260	-0.025725700782326	0.5339051474943999
453	2265	-0.0031291128865059996	0.5221504843481999
454	2270	-0.00022602461726879973	0.5175584771935999
455	2275	0.0076575290424372	0.5200839935487
456	2280	0.018774161823186	0.5216543383373
457	2285	0.029698525024330003	0.52166075422
458	2290	0.034534704060759994	0.52166075422
459	2295	0.019962944617348197	0.52166075422
460	2300	-0.008194637570721799	0.52166075422
461	2305	-0.03661828818832	0.52166075422
462	2310	-0.06118285712074001	0.52166075422
463	2315	-0.07199393875348001	0.52166075422
464	2320	-0.0724522767626	0.52166075422
465	2325	-0.0724522767626	0.52166075422
466	2330	-0.0724522767626	0.52166075422
467	2335	-0.0724522767626	0.52166075422
468	2340	-0.0724522767626	0.5199668050991
469	2345	-0.0724522767626	0.5032544790031
470	2350	-0.0724522767626	0.4704111687515001
471	2355	-0.0724522767626	0.43476130219829995
472	2360	-0.0724522767626	0.40080538476620003
473	2365	-0.0724522767626	0.3818678443093999
474	2370	-0.0724522767626	0.37906128800799993
475	2375	-0.0724522767626	0.37906128800799993
476	2380	-0.06870901462949	0.37906128800799993
477	2385	-0.05140565236966001	0.37906128800799993
478	2390	-0.023368085618130002	0.37906128800799993
479	2395	0.005586847631485	0.38005135823900005
480	2400	0.026388653466285	0.38242684999050003
481	2405	0.01584594350502	0.3701457125425
482	2410	-0.022656026045049998	0.3404291711405
483	2415	-0.06592586680271	0.308842402254
484	2420	-0.10478584227858001	0.2776063529118
485	2425	-0.1258614020853	0.2612598076224
486	2430	-0.12876276908839998	0.26234866628700004
487	2435	-0.12261183596380001	0.2643176822049
488	2440	-0.111698744362	0.264550557058
489	2445	-0.10027615199461	0.2711562846705
490	2450	-0.08980269733384001	0.2984475039219
491	2455	-0.08453103809093002	0.3404123753846
492	2460	-0.0840215373252	0.3829711350323
493	2465	-0.0840215373252	0.4189241670676
494	2470	-0.0840215373252	0.43419170746400004
495	2475	-0.0840215373252	0.434785595649
496	2480	-0.0840215373252	0.434785595649
497	2485	-0.0840215373252	0.434785595649
498	2490	-0.0840215373252	0.434785595649
499	2495	-0.08959820470162	0.434785595649
500	2500	-0.10841731821992	0.43465388460330007
501	2505	-0.1349418441879	0.43117650326839996
502	2510	-0.1614862401262	0.42313278946879995
503	2515	-0.1706826996023	0.41373670244789995
504	2520	-0.1457296576831	0.40447232647270004
505	2525	-0.11094208826880003	0.39855362078650003
506	2530	-0.08537324118102999	0.3963810241644
507	2535	-0.07378782064002001	0.37962890079870004
508	2540	-0.08310945535238999	0.34241762009779997
509	2545	-0.09658630565313	0.2998588586262
510	2550	-0.10553717123563	0.25812032055510004
511	2555	-0.1127262937574	0.2323136824494
512	2560	-0.11760426457630002	0.226966201679
513	2565	-0.1273222908958	0.226966201679
514	2570	-0.1416432294178	0.226966201679
515	2575	-0.15788805820930002	0.226966201679
516	2580	-0.1722978508398	0.226966201679
517	2585	-0.17107855431	0.2272879273539
518	2590	-0.1549563955665	0.2330626970846
519	2595	-0.12824374262370003	0.2472627344527
520	2600	-0.12318365235010001	0.27070535411519997
521	2605	-0.1718295306741	0.30185663854520006
522	2610	-0.2530265561637	0.3296366363238
523	2615	-0.35048849043890007	0.3489913664651
524	2620	-0.4317200327577	0.3591035143117999
525	2625	-0.4680085395958001	0.3612931912878
526	2630	-0.477333241701	0.3619155319092
527	2635	-0.4786092245500001	0.36298304629449996
528	2640	-0.4786092245500001	0.3640892329658
529	2645	-0.4786092245500001	0.3650875000652
530	2650	-0.4639636074021	0.3675467315073
531	2655	-0.42477981994650005	0.37424115095099997
532	2660	-0.39281826204299997	0.38927038908350003
533	2665	-0.38173723379249996	0.41888906282910005
534	2670	-0.3876678273362	0.4697049560312999
535	2675	-0.4170590877942	0.5303538258643001
536	2680	-0.4396465509627	0.5845104382494
537	2685	-0.44144967783949995	0.6272085857870999
538	2690	-0.4408868000701	0.6511827736847
539	2695	-0.44140142569390006	0.6652389179384
540	2700	-0.44560034794180003	0.6826259128314
541	2705	-0.4602834241360001	0.7006412567163001
542	2710	-0.4814894372328	0.7161635314069
543	2715	-0.5022615726408	0.7235679675662
544	2720	-0.5163675899	0.7207918131298999
545	2725	-0.5175675495873	0.71528969722
546	2730	-0.512003055199	0.7098478319792999
547	2735	-0.5068724384996999	0.7093115093419
548	2740	-0.49988817483899994	0.7138398871262999
549	2745	-0.48458158878579993	0.7173349066262
550	2750	-0.4631750696815001	0.718814099443
551	2755	-0.44171443102	0.718910293436
552	2760	-0.42583447890209997	0.7203614345968999
553	2765	-0.4223177419845	0.7252564031011999
554	2770	-0.42575032174770006	0.7259536987298
555	2775	-0.429237021068	0.7190884370962001
556	2780	-0.4312524040186	0.7092275198381002
557	2785	-0.42147607651490004	0.6959501409661999
558	2790	-0.39665644241649994	0.6880298002675
559	2795	-0.36717023004149996	0.6898835494713
560	2800	-0.33802075318369995	0.6945345031731
561	2805	-0.3230010472879	0.6991589318475
562	2810	-0.3291732091834	0.7043119525493001
563	2815	-0.3427442034251999	0.7041927411504999
564	2820	-0.35616023233090005	0.6878454266088
565	2825	-0.3570285292109999	0.6608534945065001
566	2830	-0.3346859456764	0.6317565845437
567	2835	-0.3003541692659	0.6057203740406001
568	2840	-0.2548622949517	0.5946377998079
569	2845	-0.20330169724469999	0.5861264019049999
570	2850	-0.163743950294	0.5567733638346001
571	2855	-0.1334398378905	0.5105302109573
572	2860	-0.11803816230549997	0.46062655712359996
573	2865	-0.12450483966020001	0.41879550381930003
574	2870	-0.139111816547	0.3982231112178
575	2875	-0.15372209769349998	0.394540833423
576	2880	-0.16471593579330002	0.394540833423
577	2885	-0.16840463332	0.394540833423
578	2890	-0.16840463332	0.394540833423
579	2895	-0.16840463332	0.394540833423
580	2900	-0.16840463332	0.3963073532749
581	2905	-0.16840463332	0.41462944903969995
582	2910	-0.16840463332	0.4512208014295
583	2915	-0.16749295158920002	0.4912923543831
584	2920	-0.1617232174754	0.5295973874846001
585	2925	-0.1515523343891	0.5517063115494999
586	2930	-0.1409266729826	0.5576440201018
587	2935	-0.1312126933069	0.562065056874
588	2940	-0.12635676601419998	0.566711048194
589	2945	-0.125901987694	0.5709975726376999
590	2950	-0.125901987694	0.5731860559691999
591	2955	-0.125901987694	0.5734110105169999
592	2960	-0.125901987694	0.5734110105169999
593	2965	-0.125901987694	0.5734110105169999
594	2970	-0.125901987694	0.5734110105169999
595	2975	-0.125901987694	0.5734110105169999
596	2980	-0.125901987694	0.5734110105169999
597	2985	-0.125901987694	0.5734110105169999
598	2990	-0.125901987694	0.5734110105169999
599	2995	-0.1257259975001	0.5734110105169999
600	3000	-0.1203027137377	0.5734110105169999
601	3005	-0.10748319884796001	0.5734110105169999
602	3010	-0.09233875620546	0.5740397194768
603	3015	-0.07738921744065	0.5812264023624
604	3020	-0.07520537316457	0.6017190876551
605	3025	-0.09301682199156999	0.628402941956
606	3030	-0.11825277331064998	0.6527423450769001
607	3035	-0.1434698109459	0.6699936004847
608	3040	-0.16116844766079996	0.6739388534852
609	3045	-0.16626802239999997	0.6716929374774
610	3050	-0.16651161574279996	0.67116276369
611	3055	-0.17761144993160002	0.67116276369
612	3060	-0.20493746990230002	0.67116276369
613	3065	-0.238332190326	0.67116276369
614	3070	-0.2755729860935	0.67116276369
615	3075	-0.3063740548492	0.67116276369
616	3080	-0.3217309451446	0.67116276369
617	3085	-0.3310191349867	0.67116276369
618	3090	-0.3362176561422999	0.67116276369
619	3095	-0.333298957332	0.67116276369
620	3100	-0.3037622469984	0.6691204966306
621	3105	-0.2527272245995	0.6612797356121001
622	3110	-0.2242313297821	0.6642054526598
623	3115	-0.231441056559	0.6866808046898002
624	3120	-0.2745895614229	0.7169021195093
625	3125	-0.33968308126600005	0.7533633599585999
626	3130	-0.3917666011616	0.7844621162955
627	3135	-0.4313009754693001	0.8043459785386
628	3140	-0.47154242358090004	0.8205680870522001
629	3145	-0.5117736713134	0.8314541168710999
630	3150	-0.5424757914120001	0.8298069992504
631	3155	-0.5537221416362001	0.8158933203538001
632	3160	-0.5401758902892	0.8020550313502002
633	3165	-0.48818421622670005	0.7962725642985002
634	3170	-0.41798144783369995	0.7976192507326001
635	3175	-0.35359375140919996	0.8028977575541001
636	3180	-0.3031888088664	0.806058932482
637	3185	-0.29079278650440005	0.806058932482
638	3190	-0.2909534117224	0.806058932482
639	3195	-0.2681995791094	0.806058932482
640	3200	-0.22637841716399998	0.806058932482
641	3205	-0.1764320491333	0.806058932482
642	3210	-0.1344718670762	0.806058932482
643	3215	-0.13018962316309998	0.806058932482
644	3220	-0.16680457760490003	0.806058932482
645	3225	-0.217281524871	0.806058932482
646	3230	-0.2670776478245	0.806058932482
647	3235	-0.2962952184962	0.806058932482
648	3240	-0.30368292014549997	0.806058932482
649	3245	-0.305333835056	0.806058932482
650	3250	-0.3053238469338	0.806058932482
651	3255	-0.2897997535907001	0.806058932482
652	3260	-0.24665892520670002	0.806058932482
653	3265	-0.19140547888050002	0.806058932482
654	3270	-0.13616202067648997	0.806058932482
655	3275	-0.09643266769349002	0.806058932482
656	3280	-0.08432004975140002	0.806058932482
657	3285	-0.08432004975140002	0.806058932482
658	3290	-0.08432004975140002	0.806058932482
659	3295	-0.08432004975140002	0.806058932482
660	3300	-0.08432004975140002	0.806058932482
661	3305	-0.08432004975140002	0.806058932482
662	3310	-0.08432004975140002	0.806058932482
663	3315	-0.08432004975140002	0.806058932482
664	3320	-0.08432004975140002	0.806058932482
665	3325	-0.08432004975140002	0.806058932482
666	3330	-0.08432004975140002	0.806058932482
667	3335	-0.08432004975140002	0.806058932482
668	3340	-0.08432004975140002	0.806058932482
669	3345	-0.08432004975140002	0.806058932482
670	3350	-0.08432004975140002	0.800027473531
671	3355	-0.08432004975140002	0.7828036163759998
672	3360	-0.08432004975140002	0.760418819968
673	3365	-0.08432004975140002	0.7380340235599
674	3370	-0.08432004975140002	0.7216806861029001
675	3375	-0.07567734718661001	0.7165197468500001
676	3380	-0.046453052315348	0.7165197468500001
677	3385	-0.005284236102999002	0.7165197468500001
678	3390	0.035890211708748995	0.7165197468500001
679	3395	0.06842195695570999	0.7165197468500001
680	3400	0.08037210989619999	0.7165197468500001
681	3405	0.06352251698795	0.7165197468500001
682	3410	0.013450482418393	0.7160093960402
683	3415	-0.047426949370287	0.7051032692335
684	3420	-0.10093055098453	0.6804376705760001
685	3425	-0.1294303566212	0.6518980252548
686	3430	-0.11379224281195	0.6238687307432
687	3435	-0.08269522314059	0.6062352122286
688	3440	-0.05890870475398	0.602361165565
689	3445	-0.04327075783723	0.602361165565
690	3450	-0.038553920304440006	0.602361165565
691	3455	-0.03849059141470001	0.602361165565
692	3460	-0.03849059141470001	0.602361165565
693	3465	-0.03863195859381001	0.602361165565
694	3470	-0.04153282094059	0.602361165565
695	3475	-0.04798298093189	0.602361165565
696	3480	-0.05536431057915	0.6039994740948
697	3485	-0.06260427304732	0.6113757568241001
698	3490	-0.06708474034783	0.6230871463491
699	3495	-0.06863298878816002	0.6352265865768
700	3500	-0.07451531475716	0.6472545686985
701	3505	-0.08711258046504	0.6551218693683
702	3510	-0.10725141683953998	0.6589827782389002
703	3515	-0.14169010076439997	0.6633958947876
704	3520	-0.18131860882810003	0.6679724256509999
705	3525	-0.21524512146970004	0.6831193547432
706	3530	-0.2416300634447	0.7135452442554
707	3535	-0.25498546278289996	0.7472465292806999
708	3540	-0.26659220289990004	0.7809844408774
709	3545	-0.2862258449184	0.8077851140304
710	3550	-0.31885308222319997	0.8225609201291999
711	3555	-0.36625774164409997	0.8331803194736999
712	3560	-0.41097326367699993	0.8420728275083
713	3565	-0.4447058195799	0.8457548830103001
714	3570	-0.45738921169060004	0.84585413015
715	3575	-0.4470614498379001	0.84585413015
716	3580	-0.4287261218410999	0.84585413015
717	3585	-0.38406736648879997	0.84585413015
718	3590	-0.3119055058388	0.84585413015
719	3595	-0.23716672129989996	0.84585413015
720	3600	-0.16942169284720002	0.84585413015
721	3605	-0.14147805703620003	0.84585413015
722	3610	-0.15591067770080003	0.84585413015
723	3615	-0.17955277235759998	0.84585413015
724	3620	-0.198191402358	0.84585413015
725	3625	-0.205295186984	0.84585413015
726	3630	-0.2061779142552	0.84585413015
727	3635	-0.20342147669390004	0.8432736330266
728	3640	-0.1905776213307	0.8198026468050001
729	3645	-0.171642152236	0.7673585428484
730	3650	-0.1521564736984	0.6973973097338
731	3655	-0.1369378611006	0.6109343285057001
732	3660	-0.13583627829579997	0.533293991823
733	3665	-0.14419337365409998	0.484787170162
734	3670	-0.15275570864000004	0.4537974776592
735	3675	-0.16040394056449997	0.4418900303927999
736	3680	-0.1602046530286	0.44205042767899994
737	3685	-0.1464683191881	0.44510177683570007
738	3690	-0.1256726741555	0.45758371653990004
739	3695	-0.10442134783626	0.4776330058528999
740	3700	-0.08698792898675001	0.4990594291012
741	3705	-0.07972449201029	0.5176235289100001
742	3710	-0.07926881072360001	0.526757038171
743	3715	-0.07928235843562001	0.528323197823
744	3720	-0.08154636734680001	0.52851222354
745	3725	-0.08674523702638001	0.52851222354
746	3730	-0.09235006129670001	0.52851222354
747	3735	-0.0976493451644	0.52851222354
748	3740	-0.1006981678332	0.52851222354
749	3745	-0.10081212973359999	0.52851222354
750	3750	-0.1013293223079	0.52851222354
751	3755	-0.1089847397824	0.52851222354
752	3760	-0.12409157706949998	0.528724630213
753	3765	-0.14061278722499998	0.5298524361354999
754	3770	-0.1563248121156	0.5317350788860999
755	3775	-0.16519060479660003	0.5336695658884
756	3780	-0.16660497766500001	0.5353916462176999
757	3785	-0.16660497766500001	0.5361983272973999
758	3790	-0.16660497766500001	0.5362501715489999
759	3795	-0.16660497766500001	0.5362501715489999
760	3800	-0.16660497766500001	0.5362501715489999
761	3805	-0.16660497766500001	0.5362501715489999
762	3810	-0.16660497766500001	0.5362501715489999
763	3815	-0.16660497766500001	0.5362501715489999
764	3820	-0.16660497766500001	0.5362501715489999
765	3825	-0.16660497766500001	0.5362501715489999
766	3830	-0.1731007113959	0.5362501715489999
767	3835	-0.19128467530370002	0.5362501715489999
768	3840	-0.21466113565749997	0.5372068902773
769	3845	-0.2380375960114	0.5403750089038
770	3850	-0.25491832263419995	0.5447987821445
771	3855	-0.26011081907999994	0.5492235288295
772	3860	-0.26011081907999994	0.5526915567862
773	3865	-0.26011081907999994	0.5539481848447
774	3870	-0.26011081907999994	0.553949158289
775	3875	-0.26006597882579996	0.553949158289
776	3880	-0.25989038991589997	0.5559688811876999
777	3885	-0.2596268206022	0.5625148617276999
778	3890	-0.25936117928619995	0.5715764920219
779	3895	-0.25909335964310004	0.5806472373277
780	3900	-0.2544648197515	0.5875957744472002
781	3905	-0.24279895454670003	0.5864685604107999
782	3910	-0.22845430595	0.577598534544
783	3915	-0.21546907631860002	0.5669392398165001
784	3920	-0.2143108802173	0.5563824303767
785	3925	-0.22708505108689997	0.5493751144518
786	3930	-0.2433239743624	0.547594960603
787	3935	-0.2582504972537	0.547594960603
788	3940	-0.2658414555192	0.5463591070517999
789	3945	-0.26662535253099995	0.5415030539093999
790	3950	-0.26662535253099995	0.5211386813602001
791	3955	-0.26662535253099995	0.47271668756830004
792	3960	-0.2665886821006	0.41048762841099995
793	3965	-0.26270669524789997	0.3517694978044
794	3970	-0.25236581243850004	0.3085596866046999
795	3975	-0.2393746796642	0.29353656666309996
796	3980	-0.22642021732040005	0.29529830270040003
797	3985	-0.21858077652340002	0.29925261675570003
798	3990	-0.2212945037116	0.30367737074140005
799	3995	-0.2315113196336	0.3079730547116
800	4000	-0.243834177118	0.31052680161949997
801	4005	-0.25496509917529997	0.31099724155
802	4010	-0.26200174920380004	0.31099724155
803	4015	-0.26418556046350006	0.31099724155
804	4020	-0.264263330161	0.31099724155
805	4025	-0.2634595919413	0.31099724155
806	4030	-0.2560637056989	0.31099724155
807	4035	-0.23567553351809994	0.31099724155
808	4040	-0.20642572228860004	0.31099724155
809	4045	-0.17632188636549997	0.31099724155
810	4050	-0.1528101984652	0.31099724155
811	4055	-0.14229079650329995	0.31099724155
812	4060	-0.1406401787388	0.32290114705570006
813	4065	-0.14416491196820003	0.3647131923585
814	4070	-0.1628548120245	0.42541375407509996
815	4075	-0.2080917829717	0.48832947322199993
816	4080	-0.2687386653002	0.5408560546434
817	4085	-0.3296035466019	0.5636583887398999
818	4090	-0.379708437521	0.5675722064225
819	4095	-0.4044605564739	0.5692708666747999
820	4100	-0.4137956188967	0.569454759147
821	4105	-0.41939509426550015	0.569454759147
822	4110	-0.4205893931900001	0.5704565667039999
823	4115	-0.4205893931900001	0.5691359985882
824	4120	-0.4205893931900001	0.5651658893932999
825	4125	-0.4205893931900001	0.5652167720528001
826	4130	-0.4205893931900001	0.5676834793515
827	4135	-0.4205893931900001	0.5725438448151999
828	4140	-0.4205893931900001	0.5800537513579
829	4145	-0.4205893931900001	0.5835426660465
830	4150	-0.4205596316653001	0.583613948539
831	4155	-0.4162527058106	0.583613948539
832	4160	-0.3986390827558	0.583613948539
833	4165	-0.36926825144099995	0.584042907887
834	4170	-0.3372292677852	0.5871897702986001
835	4175	-0.30946744845920005	0.5929475860685
836	4180	-0.29501232633349994	0.5990274114809999
837	4185	-0.292314412468	0.6046782775455001
838	4190	-0.292314412468	0.6076112405464001
839	4195	-0.292314412468	0.6079332501890001
840	4200	-0.292314412468	0.6079332501890001
841	4205	-0.29246691763529997	0.611611220973
842	4210	-0.3007832301375	0.6319413243254999
843	4215	-0.3250256886822	0.6663651860390001
844	4220	-0.35937081298019996	0.7019086443290001
845	4225	-0.3957512539893	0.733774131835
846	4230	-0.4239678876636	0.7489874867725002
847	4235	-0.43625837529550004	0.7501070833490001
848	4240	-0.438446197174	0.7501070833490001
849	4245	-0.438446197174	0.7501070833490001
850	4250	-0.438446197174	0.7501070833490001
851	4255	-0.438446197174	0.7501070833490001
852	4260	-0.4364379658941	0.7501070833490001
853	4265	-0.42525114286849997	0.7501070833490001
854	4270	-0.40604181935239997	0.7501070833490001
855	4275	-0.38712006475880006	0.7501070833490001
856	4280	-0.3737190146164	0.7501070833490001
857	4285	-0.37194300942189995	0.7501070833490001
858	4290	-0.37826319369579997	0.7501070833490001
859	4295	-0.38429580904729993	0.7496909355101
860	4300	-0.3868159512277999	0.7467617502701
861	4305	-0.3868896402059999	0.744248712869
862	4310	-0.3868896402059999	0.744248712869
863	4315	-0.3843623795904	0.7456499577672
864	4320	-0.3611652307016	0.7537528111224001
865	4325	-0.31632196075639996	0.7647768474433001
866	4330	-0.26797519741250003	0.7733909732537001
867	4335	-0.22215569468409999	0.7809892720873
868	4340	-0.1970060802288	0.7843989998653
869	4345	-0.19495086444209997	0.7844713968391
870	4350	-0.20639151358150004	0.7844406669220001
871	4355	-0.22767364980529997	0.7844406669220001
872	4360	-0.2502531791982	0.7844406669220001
873	4365	-0.271384430979	0.7844406669220001
874	4370	-0.2825233112327	0.7820351021346
875	4375	-0.2838207044020001	0.7561135002881001
876	4380	-0.2838207044020001	0.70419221686
877	4385	-0.2838207044020001	0.6523196267125001
878	4390	-0.2838207044020001	0.6107226925019
879	4395	-0.2853158948857	0.5955736299294999
880	4400	-0.2980945851771	0.6034272764766999
881	4405	-0.3313851641301	0.6112325837231
882	4410	-0.3772999880145	0.614164772282
883	4415	-0.4236202870089	0.6141651262618
884	4420	-0.45865708619539997	0.6171624527033001
885	4425	-0.47318199672030004	0.6201594251650001
886	4430	-0.475082662314	0.6201594251650001
887	4435	-0.475082662314	0.6201594251650001
888	4440	-0.46156203738909996	0.6201594251650001
889	4445	-0.4165001945415	0.6201594251650001
890	4450	-0.35334762933249997	0.6201594251650001
891	4455	-0.2901249347598	0.6201594251650001
892	4460	-0.24086542381460002	0.6191579270119001
893	4465	-0.2291105161684	0.6172364788658999
894	4470	-0.2425745540703	0.616316528873
895	4475	-0.25771611784880005	0.616316528873
896	4480	-0.2720908763041	0.6182575230613999
897	4485	-0.277742875801	0.6163006188617
898	4490	-0.26757054430719995	0.6142831246558
899	4495	-0.22543181953730004	0.6201706896050999
900	4500	-0.15602028439535004	0.6272455151042999
901	4505	-0.0858690817639	0.6391381889847
902	4510	-0.0244139869364273	0.6500899547179999
903	4515	0.006682111128022699	0.6522167113029999
904	4520	0.010181152199799998	0.6521641895145999
905	4525	0.010181152199799998	0.6420274830173
906	4530	0.010181152199799998	0.6180869687467
907	4535	0.010181152199799998	0.5906308716789999
908	4540	0.010181152199799998	0.5577222217612
909	4545	0.010181152199799998	0.5284993700014
910	4550	0.010181152199799998	0.5124593725184001
911	4555	0.010181152199799998	0.5005409781646
912	4560	0.01243706201741	0.4817777897582
913	4565	0.02214675147961	0.45137015471650005
914	4570	0.037277108695910006	0.4164807326479
915	4575	0.05263026383936	0.3809852902472
916	4580	0.06572750916527	0.3578397165375
917	4585	0.07137097484661999	0.352736976014
918	4590	0.07159377277379998	0.3534828124834
919	4595	0.07159377277379998	0.3563066905633
920	4600	0.07159377277379998	0.3604864904996
921	4605	0.07159377277379998	0.3646900071512
922	4610	0.07159377277379998	0.36814768733329994
923	4615	0.07400687556201999	0.3695273259048
924	4620	0.08418040765021999	0.36955104262
925	4625	0.10420251347460001	0.36955104262
926	4630	0.14352157253199999	0.3683773771723
927	4635	0.19645926523450002	0.34583350505029997
928	4640	0.24274961579100002	0.2957352196785
929	4645	0.2733974474239	0.23827906228379997
930	4650	0.26725452927640003	0.18199657033720001
931	4655	0.2096193228299	0.14708428506489996
932	4660	0.11806736333106997	0.1372640856996
933	4665	0.022987189902263998	0.12846934879320002
934	4670	-0.05480303224652601	0.1157807630906
935	4675	-0.10337931255301999	0.10306841081342
936	4680	-0.13017632174639998	0.09281838587843003
937	4685	-0.15247655139830002	0.08890077050736002
938	4690	-0.17194090590369998	0.08887700393270001
939	4695	-0.1725269154759	0.08887700393270001
940	4700	-0.1510400192184	0.08887700393270001
941	4705	-0.12367893737129002	0.08887700393270001
942	4710	-0.09894988540343	0.08887700393270001
943	4715	-0.08685256834499001	0.08887700393270001
944	4720	-0.08580376233090001	0.08887700393270001
945	4725	-0.08594768685553	0.08887700393270001
946	4730	-0.08786992384475	0.09325629990265
947	4735	-0.08851831445858	0.11901567786560001
948	4740	-0.0859992385682	0.1634714490417
949	4745	-0.08307700596432999	0.20962282740779997
950	4750	-0.07837646089586	0.251394909804
951	4755	-0.07494976220277001	0.27178691020709994
952	4760	-0.07468462495291002	0.27348251739699997
953	4765	-0.07293584144675999	0.27348251739699997
954	4770	-0.06824043309135	0.27348251739699997
955	4775	-0.06233537327085	0.27348251739699997
956	4780	-0.05643621851135999	0.27348251739699997
957	4785	-0.05227994219705999	0.27400626656259996
958	4790	-0.05107029073199999	0.277882431167
959	4795	-0.05043442103166999	0.28399840402590004
960	4800	-0.042326246008430005	0.2895255188661
961	4805	-0.025118230247078	0.294528884541
962	4810	-0.0056468093701938	0.29701699684999994
963	4815	0.015416012996374198	0.2998639546323
964	4820	0.03738179640396	0.30559979845420004
965	4825	0.056878059562799996	0.31487982334149994
966	4830	0.07459324292155001	0.32682261974
967	4835	0.09008115509028	0.33666105129479995
968	4840	0.09719380089507001	0.3441994548286
969	4845	0.09767612621050001	0.34819367729680006
970	4850	0.09767612621050001	0.348687966181
971	4855	0.09767612621050001	0.348687966181
972	4860	0.09767612621050001	0.3499639547434
973	4865	0.09767612621050001	0.35828750481099997
974	4870	0.09783910591378	0.3732111965279
975	4875	0.10964306876963001	0.39136496761190004
976	4880	0.1435552516612	0.41523154866059997
977	4885	0.18809765113920002	0.43679857727580007
978	4890	0.232477070914	0.45192618544669994
979	4895	0.2654487576191	0.4638237142504
980	4900	0.279346541246	0.46781351203720006
981	4905	0.28803125010249997	0.4641375307337
982	4910	0.3121385618274	0.45823305305209994
983	4915	0.3507813205693	0.4495795216347001
984	4920	0.36226687901309995	0.4293572120901
985	4925	0.3278302337608	0.4013479153324
986	4930	0.2612699692275	0.3745092310412
987	4935	0.17296677518516	0.35041960048559995
988	4940	0.10352388307775999	0.33881768054679995
989	4945	0.06896079273286	0.33792051783999993
990	4950	0.038207769832848	0.33792051783999993
991	4955	0.005950497517422	0.33792051783999993
992	4960	-0.021690605508936	0.3390463965395
993	4965	-0.051130546054409996	0.34249527089899995
994	4970	-0.08148992402935999	0.3471412622194
995	4975	-0.10976008412461999	0.35178725353990004
996	4980	-0.13738383210330002	0.3569097013127
997	4985	-0.1575834824452	0.3573206949457
998	4990	-0.16397274639	0.3390371015912
999	4995	-0.16397274639	0.3076295878307
1000	5000	-0.16397274639	0.2754007901676
1001	5005	-0.16397274639	0.24595874624480002
1002	5010	-0.1604903135552	0.23401417234920002
1003	5015	-0.1382027078427	0.23519351885950002
1004	5020	-0.09907844293491	0.23559181412000002
1005	5025	-0.05844025887486999	0.23559181412000002
1006	5030	-0.021284507649611997	0.23559181412000002
1007	5035	-0.0029339293021670007	0.23559181412000002
1008	5040	-0.00142001015003	0.23559181412000002
1009	5045	-0.00142001015003	0.23559181412000002
1010	5050	-0.00142001015003	0.23559181412000002
1011	5055	-0.00142001015003	0.23559181412000002
1012	5060	-0.00142001015003	0.23559181412000002
1013	5065	-0.00142001015003	0.23559181412000002
1014	5070	-0.00142001015003	0.23559181412000002
1015	5075	-0.00142001015003	0.23559181412000002
1016	5080	-0.00142001015003	0.23559181412000002
1017	5085	-0.00142001015003	0.23559181412000002
1018	5090	-0.0035302007897930004	0.23559181412000002
1019	5095	-0.010557416870738	0.23559181412000002
1020	5100	-0.02039146775309	0.23559181412000002
1021	5105	-0.030225518635449998	0.23559181412000002
1022	5110	-0.03794937887807	0.23559181412000002
1023	5115	-0.0407562136795	0.23559181412000002
1024	5120	-0.0407562136795	0.23559181412000002
1025	5125	-0.0407562136795	0.23559181412000002
1026	5130	-0.0407562136795	0.23559181412000002
1027	5135	-0.0407562136795	0.23559181412000002
1028	5140	-0.0407562136795	0.23559181412000002
1029	5145	-0.0407562136795	0.23559181412000002
1030	5150	-0.0407562136795	0.23559181412000002
1031	5155	-0.0407562136795	0.23559181412000002
1032	5160	-0.0407562136795	0.23559181412000002
1033	5165	-0.0407562136795	0.23559181412000002
1034	5170	-0.0407562136795	0.23559181412000002
1035	5175	-0.0407562136795	0.23559181412000002
1036	5180	-0.0407562136795	0.23559181412000002
1037	5185	-0.0407562136795	0.23559181412000002
1038	5190	-0.0407562136795	0.23559181412000002
1039	5195	-0.0407562136795	0.23559181412000002
1040	5200	-0.0407562136795	0.23559181412000002
1041	5205	-0.0407562136795	0.23559181412000002
1042	5210	-0.0407562136795	0.23559181412000002
1043	5215	-0.0407562136795	0.23559181412000002
1044	5220	-0.0407562136795	0.23559181412000002
1045	5225	-0.0407562136795	0.23559181412000002
1046	5230	-0.0407562136795	0.23559181412000002
1047	5235	-0.0407562136795	0.23559181412000002
1048	5240	-0.0407562136795	0.23559181412000002
1049	5245	-0.0407562136795	0.23559181412000002
1050	5250	-0.0407562136795	0.2285769902884
1051	5255	-0.0407562136795	0.19948004703860003
1052	5260	-0.0407562136795	0.1587458321312
1053	5265	-0.0407562136795	0.12150978231307001
1054	5270	-0.0407562136795	0.09135669748673
1055	5275	-0.0407562136795	0.08328573207868
1056	5280	-0.0407562136795	0.08685203832831999
1057	5285	-0.0407562136795	0.0869201794886
1058	5290	-0.0407562136795	0.0869201794886
1059	5295	-0.0407562136795	0.0869201794886
1060	5300	-0.0407562136795	0.0869201794886
1061	5305	-0.0407562136795	0.0869201794886
1062	5310	-0.0407562136795	0.0869201794886
1063	5315	-0.0407562136795	0.0869201794886
1064	5320	-0.0407562136795	0.0869201794886
1065	5325	-0.0407562136795	0.0869201794886
1066	5330	-0.0407562136795	0.0869201794886
1067	5335	-0.0407562136795	0.0869201794886
1068	5340	-0.0407562136795	0.0869201794886
1069	5345	-0.0407562136795	0.0869201794886
1070	5350	-0.0407562136795	0.0869201794886
1071	5355	-0.0407562136795	0.0869201794886
1072	5360	-0.0407562136795	0.0869201794886
1073	5365	-0.0407562136795	0.08222538576031
1074	5370	-0.0407562136795	0.06609318598026001
1075	5375	-0.0407562136795	0.043262046263500005
1076	5380	-0.0407562136795	0.02047457893349027
1077	5385	-0.0407562136795	0.0027727877976104704
1078	5390	-0.0407562136795	-4.998204669680005e-05
1079	5395	-0.0407562136795	0.007119131716043001
1080	5400	-0.0407562136795	0.01478523424918
1081	5405	-0.0407562136795	0.02235890457724
1082	5410	-0.0407562136795	0.02649095966547
1083	5415	-0.0407562136795	0.0273300710834
1084	5420	-0.0407562136795	0.027628521344199998
1085	5425	-0.0407562136795	0.027628521344199998
1086	5430	-0.0407562136795	0.027628521344199998
1087	5435	-0.0407562136795	0.027628521344199998
1088	5440	-0.0407562136795	0.027628521344199998
1089	5445	-0.039097995777079994	0.027628521344199998
1090	5450	-0.035222808644750005	0.027628521344199998
