Id	Time	MeanValence	MeanArousal
0	0	2.9999999999999997e-05	0.021189417433960002
1	5	0.0	0.021567284619279998
2	10	0.0	0.021032606508829998
3	15	0.0	0.01985704568157
4	20	0.0	0.02010082471062
5	25	-0.000873323090923	0.0247760060642
6	30	-0.009636798265883	0.035969610516190006
7	35	-0.026927189560840004	0.05206573222428
8	40	-0.0457276679827	0.07545244400614
9	45	-0.07189451801261	0.10333139102997002
10	50	-0.10607880082819002	0.13061477820029999
11	55	-0.1381732157756	0.1511812390484
12	60	-0.1649292748073	0.1634385370431
13	65	-0.18841038537149996	0.1701596239883
14	70	-0.2130967782785	0.16848744297480003
15	75	-0.23640913799010002	0.1631403445827
16	80	-0.258963074589	0.15020023476640001
17	85	-0.27645325211	0.12002705031611001
18	90	-0.2768305624182	0.08333613650441
19	95	-0.2721448576696999	0.05228285507941001
20	100	-0.2720458448229999	0.03514236906003
21	105	-0.2720458448229999	0.038979113140719994
22	110	-0.2721264416909999	0.05737602797852
23	115	-0.27424599250779996	0.0846114830969
24	120	-0.27914589058429995	0.11528926018117999
25	125	-0.2854725027494	0.14171965136870002
26	130	-0.29369482152860005	0.16205916299599998
27	135	-0.30129257494949996	0.1729768121777
28	140	-0.3060673239588	0.1748711367752
29	145	-0.30847351096709996	0.1738846293976
30	150	-0.3040778268697	0.17292246674309997
31	155	-0.2934209886921	0.1671747375302
32	160	-0.27706152856149996	0.15549607731929999
33	165	-0.2552847886014	0.14257992245979997
34	170	-0.2368421880194	0.13015826575529998
35	175	-0.224905480256	0.1229519513699
36	180	-0.22721889608489998	0.12127817255
37	185	-0.24444996286110002	0.09883578260757
38	190	-0.26488526392979994	0.036490633345372
39	195	-0.28366143767000007	-0.040298479742898
40	200	-0.2912211378047	-0.08705098163132
41	205	-0.2749284776408	-0.08462098181999
42	210	-0.23120493679800003	-0.040866991337555
43	215	-0.17015738358000004	0.011559308599985
44	220	-0.10755467882229001	0.021560504141508403
45	225	-0.060167176218139995	-0.0028021063719005992
46	230	-0.038497748246169985	-0.028707866696439
47	235	-0.034152332649169996	-0.04883673218809
48	240	-0.03407369770969999	-0.05614606077429
49	245	-0.03407369770969999	-0.056267979233999996
50	250	-0.03407369770969999	-0.056267979233999996
51	255	-0.03407369770969999	-0.056267979233999996
52	260	-0.03407369770969999	-0.056165454643520005
53	265	-0.03407369770969999	-0.05028157572302
54	270	-0.032948667258229994	-0.030256495636102006
55	275	-0.02950763805705999	0.0029590508403379997
56	280	-0.024875640557649997	0.04098078115749
57	285	-0.02024364305823	0.07318211155341
58	290	-0.016736676010310002	0.08757636551782999
59	295	-0.0155457077121	0.08630380502687
60	300	-0.01582782360685	0.08511172364431
61	305	-0.018141642593009998	0.08267637514378
62	310	-0.02248934443413	0.07755499288632
63	315	-0.02712134193354	0.07026561460653
64	320	-0.03147122353819	0.05396061263222
65	325	-0.033789402051419996	0.03850555438769
66	330	-0.03407369770969999	0.029402405165200002
67	335	-0.03407369770969999	0.024943600030899994
68	340	-0.03407369770969999	0.024534890908599997
69	345	-0.03407369770969999	0.02888187699478
70	350	-0.03407369770969999	0.04238868420101001
71	355	-0.03407369770969999	0.06711585787241
72	360	-0.03407369770969999	0.09914883016563
73	365	-0.03407369770969999	0.12782772299170003
74	370	-0.03407369770969999	0.1473467946976
75	375	-0.03372041253572	0.15564549993820004
76	380	-0.03138779308911	0.15661474670000003
77	385	-0.027228695287349995	0.15616914128
78	390	-0.02286916822908	0.1495539977285
79	395	-0.018862926344779995	0.13552570245239998
80	400	-0.016836018733109998	0.11980818816300001
81	405	-0.016635589476599995	0.10453627929372
82	410	-0.016635589476599995	0.09543390855596999
83	415	-0.015380479025399999	0.0937446895427
84	420	-0.008763250535538999	0.08828828460707999
85	425	0.0023207557586440004	0.06702744804916
86	430	0.013764532269683	0.04043280339199
87	435	0.02395319832949	0.021061818360514996
88	440	0.02877974635064	0.001304698252939999
89	445	0.029139516567500003	-0.010897622907315
90	450	0.03319206638786	-0.01743371681086
91	455	0.04116039563721	-0.027334798987160003
92	460	0.04556437742706	-0.02747686464208
93	465	0.0469675069618	-0.018781421682889998
94	470	0.044470487932500004	-0.009839993958077999
95	475	0.035452813941010006	-0.0018347756590019002
96	480	0.027140396396829997	0.0053657021914651
97	485	0.02130029207206	0.012687250229899003
98	490	0.0153077864909	0.01621266196817
99	495	0.011920156442920002	0.013322076513638
100	500	0.0113916174072	0.006985220179687679
101	505	0.0113916174072	-0.0013892075067863199
102	510	0.0113916174072	-0.010524270143036
103	515	0.0113916174072	-0.0188885178666
104	520	0.007303739494057	-0.029008742900399998
105	525	-0.014312723799893002	-0.038654043252050005
106	530	-0.05036931716140001	-0.042315462739190006
107	535	-0.08742533312287999	-0.03913176687553001
108	540	-0.11873103940112999	-0.026416720828946
109	545	-0.12931587187770002	-0.002405918190444998
110	550	-0.1315909615549	0.034470237734840994
111	555	-0.1443860922936	0.07746189230115
112	560	-0.169782916206	0.11996453492644998
113	565	-0.2061368432838	0.1577071384376
114	570	-0.23704515617639998	0.180958025548
115	575	-0.25643400540780004	0.19397101901930006
116	580	-0.2648835932358	0.20003218637730003
117	585	-0.265568366319	0.19604622466830002
118	590	-0.265568366319	0.171773694381
119	595	-0.265568366319	0.1309817469193
120	600	-0.2672185590607	0.0967727481744
121	605	-0.2743028020752	0.08517683762311
122	610	-0.285322505383	0.10589627840161
123	615	-0.29649381145299997	0.144855153338
124	620	-0.30601492478100006	0.1777730310293
125	625	-0.310101987836	0.1990145639614
126	630	-0.31025359059800006	0.21656697116760001
127	635	-0.3075674170204	0.2346046812755
128	640	-0.29519942886039996	0.2432245613804
129	645	-0.2763738194645	0.23205912923810001
130	650	-0.2597912953644	0.20624340354930001
131	655	-0.2477665990338	0.1777300977715
132	660	-0.2474723715414	0.1642812358651
133	665	-0.2560815187168	0.1653270053528
134	670	-0.26301126843789996	0.16184124945849998
135	675	-0.2680693639673	0.13857427414521
136	680	-0.27107880524070005	0.09182370480598
137	685	-0.27222138462300005	0.04053524496851589
138	690	-0.2753656985131	-0.0003525820435071013
139	695	-0.28065582976940007	-0.020745064317183003
140	700	-0.2861052475838	-0.018653949210719997
141	705	-0.29097577385749995	-0.012274995159531
142	710	-0.2932808777819999	-0.021293761275841
143	715	-0.2934401643399999	-0.04552426105739
144	720	-0.2934401643399999	-0.07840890394516001
145	725	-0.2934401643399999	-0.11041920721286999
146	730	-0.2934401643399999	-0.120903357859
147	735	-0.2937822605474	-0.10518891588442
148	740	-0.2977072534109	-0.07646311951443999
149	745	-0.30569833634	-0.04667754334124
150	750	-0.3145299672307	-0.014700251613337
151	755	-0.3247821158862	0.020493632208933
152	760	-0.33429705366850004	0.05419398377395
153	765	-0.3395659081562	0.08521388606894
154	770	-0.3383471514966	0.10532163259234
155	775	-0.33064975004839997	0.1117467002915
156	780	-0.3226765254628	0.10388761239107999
157	785	-0.32255869350349997	0.08400148834395998
158	790	-0.33290219158800005	0.06318240792273
159	795	-0.34437550826819996	0.04018019092918999
160	800	-0.3432431754416	0.023538873329349997
161	805	-0.32479913808140004	0.03190069398767
162	810	-0.2919129470093	0.05717400592481
163	815	-0.2559429919801	0.08126701904922
164	820	-0.22972398287089998	0.10108045903587
165	825	-0.21314127889810003	0.10739558979232999
166	830	-0.20618646177970007	0.10038657206023997
167	835	-0.20590162083900004	0.09599200015988998
168	840	-0.2044452205042	0.09052353082906998
169	845	-0.19855986223789998	0.07534725991908
170	850	-0.18961439558669996	0.05544367619567
171	855	-0.18058137814730002	0.03584402445243
172	860	-0.1730047610426	0.02648510501566
173	865	-0.1698571018693	0.033549732912059996
174	870	-0.169769551081	0.04710110781534
175	875	-0.169769551081	0.06035490295064001
176	880	-0.169769551081	0.059351539962900005
177	885	-0.16083496508029999	0.011557783107682998
178	890	-0.12346627513084	-0.076182624434047
179	895	-0.06276277124471699	-0.16815471096798001
180	900	0.0017760286300109985	-0.2146929594288
181	905	0.057380242504168	-0.1841011131797
182	910	0.08455035242948	-0.11249074732707998
183	915	0.088385648418	-0.037326430871517005
184	920	0.088385648418	-0.002532927716555001
185	925	0.07904208116124001	-0.024001394367828
186	930	0.042962865762699004	-0.06318895812335
187	935	-0.012193285229540999	-0.0948367196921
188	940	-0.09193812731133999	-0.10792419072170001
189	945	-0.20423699246694	-0.09066425698324998
190	950	-0.3115961286779	-0.054509561413520015
191	955	-0.4026804945426	-0.022889447559962993
192	960	-0.46840113646280007	-0.003923056132617461
193	965	-0.48781635374360005	0.011997962307555541
194	970	-0.4813467525088001	0.03398826138973
195	975	-0.46697668234580003	0.05540069363773
196	980	-0.4130440758663	0.06887316589859001
197	985	-0.3187962228358	0.06909263738615999
198	990	-0.21960955161930001	0.06139775338599
199	995	-0.12550921940643003	0.054262782738399996
200	1000	-0.07163978822605	0.054457031704890003
201	1005	-0.05540344687012999	0.07041881589956
202	1010	-0.031987890632558996	0.09839033708013999
203	1015	0.0008815560897519993	0.13146552264487
204	1020	0.036391543832981	0.1660100813147
205	1025	0.06799966694416999	0.19381717091790002
206	1030	0.08409598526203	0.2177043170864
207	1035	0.09072644841798	0.2413885830595
208	1040	0.09460970241419	0.2630791004145
209	1045	0.0953048300071	0.2811346818801
210	1050	0.09657650460023	0.2889385768026
211	1055	0.10534669669357999	0.2913784796853
212	1060	0.12429551713159999	0.2970060612558
213	1065	0.1480930184534	0.3045696107337
214	1070	0.1726413000684	0.321682184262
215	1075	0.19799040793880002	0.33302616349139996
216	1080	0.2216991538097	0.30512797395089997
217	1085	0.240707560873	0.26483887228009995
218	1090	0.245400198886	0.224388047488
219	1095	0.22805376990630002	0.17469497744659998
220	1100	0.19950652555450002	0.1482080442926
221	1105	0.17081093912649997	0.13093735007329999
222	1110	0.1544086668627	0.10434266616202
223	1115	0.151746117836	0.0936216384965
224	1120	0.151746117836	0.10010647580368
225	1125	0.15052544899540002	0.11426413878339998
226	1130	0.13290749375359998	0.1389236950444
227	1135	0.09621114150419001	0.1680500408156
228	1140	0.05561300980785	0.1929649077928
229	1145	0.016235546952103004	0.21144565438550003
230	1150	-0.006744629502507001	0.21936119645969998
231	1155	-0.0106464089495	0.220100801578
232	1160	-0.0106464089495	0.2197108459131
233	1165	-0.0106464089495	0.21486775475489997
234	1170	-0.0106464089495	0.20264848327239998
235	1175	-0.0106464089495	0.1845439432743
236	1180	-0.0106464089495	0.16423310099709995
237	1185	-0.0106464089495	0.13858509328711
238	1190	-0.0106464089495	0.08166577518721001
239	1195	-0.0106464089495	0.00020184670530499772
240	1200	-0.0106464089495	-0.051095374453065
241	1205	-0.0106464089495	-0.05251728540294
242	1210	-0.0091301888013772	-0.020133913227824048
243	1215	0.0030043384397078	0.008166933936172951
244	1220	0.025663381925745	-0.006342696897067001
245	1225	0.049744854711889996	-0.057473030028814
246	1230	0.07382198383994	-0.10376115557122001
247	1235	0.09559438278643999	-0.1155368772049
248	1240	0.11779663008948	-0.112072570221
249	1245	0.14272911227239998	-0.112072570221
250	1250	0.16614971796519998	-0.11354407290280003
251	1255	0.18125674674679998	-0.1192724051311
252	1260	0.18540941092699997	-0.1278506696641
253	1265	0.18540941092699997	-0.11880141093470001
254	1270	0.1857759390922	-0.07599577712115
255	1275	0.1879126574346	-0.015190419344444001
256	1280	0.19159014519549997	0.047615021453585996
257	1285	0.1954047403632	0.09279293898908
258	1290	0.19902969517599997	0.10568598412229999
259	1295	0.20277099065159998	0.104836134839
260	1300	0.20711062764819999	0.104836134839
261	1305	0.2117426251475	0.104836134839
262	1310	0.2161977348366	0.104836134839
263	1315	0.21876631368560004	0.1046153322609
264	1320	0.21919578159500003	0.09982937015299001
265	1325	0.21919578159500003	0.08891200669431
266	1330	0.21919578159500003	0.07620759883652
267	1335	0.21919578159500003	0.06410233087199
268	1340	0.21919578159500003	0.06016481222344
269	1345	0.21919578159500003	0.0663210314016
270	1350	0.21919578159500003	0.0750023789838
271	1355	0.21919578159500003	0.08330538925094003
272	1360	0.21919578159500003	0.08800580973194003
273	1365	0.21919578159500003	0.08874389373690002
274	1370	0.2199645308123	0.08874389373690002
275	1375	0.2232194681418	0.09174119660265999
276	1380	0.2281578947201	0.10230943427121
277	1385	0.2330623716522	0.11746338155140001
278	1390	0.23719809936660002	0.13262940650590002
279	1395	0.23884763896899996	0.1447981285945
280	1400	0.238813689323	0.14939591588050005
281	1405	0.238813689323	0.14940799355500003
282	1410	0.23750735783829996	0.14827660816990001
283	1415	0.226825149864	0.13927764188910002
284	1420	0.2082383271062	0.1224483206292
285	1425	0.19084255825110003	0.10452483990085999
286	1430	0.1729445138836	0.08773274455778
287	1435	0.13478701534621998	0.07880823011052
288	1440	0.070176611088719	0.07771407064220001
289	1445	-0.0031817675940010023	0.07771407064220001
290	1450	-0.07473153927955999	0.07771407064220001
291	1455	-0.11664598030606	0.07771407064220001
292	1460	-0.12420290082900001	0.07771407064220001
293	1465	-0.12420290082900001	0.07771407064220001
294	1470	-0.12420290082900001	0.07771407064220001
295	1475	-0.12420290082900001	0.07771407064220001
296	1480	-0.12420290082900001	0.07771407064220001
297	1485	-0.12420290082900001	0.07771407064220001
298	1490	-0.12420290082900001	0.07771407064220001
299	1495	-0.12420290082900001	0.07771407064220001
300	1500	-0.1229502440704	0.08182147110197
301	1505	-0.10399596226590002	0.10121495546876999
302	1510	-0.060070409391519995	0.1291094650273
303	1515	-0.007495514250009001	0.15123377095859997
304	1520	0.04395376361760099	0.1725012245875
305	1525	0.07770141643943	0.1886358332223
306	1530	0.08687015650581001	0.20122925669700004
307	1535	0.09048940172035999	0.2207425784467
308	1540	0.09912155238839	0.2370053520389
309	1545	0.11048555028260001	0.24311488671820003
310	1550	0.1226554645671	0.244264581366
311	1555	0.13270561131039998	0.244264581366
312	1560	0.1376989169673	0.244264581366
313	1565	0.1413077417293	0.2417881626729
314	1570	0.1460664521541	0.2220566139422
315	1575	0.1509363023663	0.1848099067964
316	1580	0.15581572427739998	0.14482675257990002
317	1585	0.15935193707540002	0.10732001705629998
318	1590	0.16053998950530002	0.08706841157000002
319	1595	0.16063682227370005	0.08478382462249001
320	1600	0.16064097949200004	0.09323358231746001
321	1605	0.16064097949200004	0.10706123723267
322	1610	0.16064097949200004	0.11340608202380001
323	1615	0.16064097949200004	0.11816762664560002
324	1620	0.16064097949200004	0.1216379087918
325	1625	0.16051210569750002	0.1222536989633
326	1630	0.1574545196359	0.11185967964791
327	1635	0.1503432359557	0.05981226403871799
328	1640	0.14197809312959997	0.0070833722194600015
329	1645	0.1337418240981	-0.0002827871347091006
330	1650	0.12843426733379998	0.028412435218118905
331	1655	0.1266825495254	0.09643659710678001
332	1660	0.12152821821489998	0.14870301073359998
333	1665	0.11128609253199999	0.15123502477550002
334	1670	0.10011478646197	0.13418683399540002
335	1675	0.08944133905461	0.10956269187043
336	1680	0.08342436429529002	0.09007916439691001
337	1685	0.0824951839083	0.07244389879747
338	1690	0.0824951839083	0.056820075923890004
339	1695	0.07910471592039	0.0522281011992
340	1700	0.06693774341383998	0.0522281011992
341	1705	0.04928911822295	0.05108324494506
342	1710	0.03154487687845001	0.042968669551399996
343	1715	0.016360503943213	0.02914636769768001
344	1720	-0.0022713797482849995	0.01849115283814
345	1725	-0.030394310250337998	0.012235582475972001
346	1730	-0.06200090839739999	0.013154568927691998
347	1735	-0.09277690696588	0.019781281839430002
348	1740	-0.11132889025942001	0.023240907756960007
349	1745	-0.1137229093449	0.023445745431300003
350	1750	-0.10434457100388002	0.023445745431300003
351	1755	-0.08677239885754001	0.023445745431300003
352	1760	-0.06862497236005	0.023445745431300003
353	1765	-0.05457672259030999	0.023445745431300003
354	1770	-0.051244190478170006	0.023445745431300003
355	1775	-0.05632499472560001	0.023445745431300003
356	1780	-0.06198105332407	0.02383788814975
357	1785	-0.06472319990787	0.02836658607734
358	1790	-0.0649427024621	0.037584904429619995
359	1795	-0.0649427024621	0.04774843071589
360	1800	-0.0649427024621	0.051914674237229994
361	1805	-0.0649427024621	0.015223346434428003
362	1810	-0.06597394706658	-0.066077782604022
363	1815	-0.07803617818437	-0.13916633993903
364	1820	-0.10118146335873998	-0.1623565283226
365	1825	-0.12430965600570001	-0.12177673278000996
366	1830	-0.13774066694820003	-0.041126986523911994
367	1835	-0.1301229757728	0.028399859233198
368	1840	-0.10897004736113003	0.05217585445155
369	1845	-0.08783421147676002	0.0488423277029
370	1850	-0.07536431269243	0.04535903105177001
371	1855	-0.0729126199596	0.044295615052590005
372	1860	-0.07549128342995	0.048460312113190004
373	1865	-0.08270145934782999	0.05664273459707001
374	1870	-0.09215149893378	0.06546659671273
375	1875	-0.1097039318744	0.07383569903803
376	1880	-0.1390357155549	0.07843430993730001
377	1885	-0.17017666054699998	0.08046413001435
378	1890	-0.1990777418708	0.08513245234052999
379	1895	-0.21987593939300001	0.09510176815083
380	1900	-0.22631661315199997	0.1091724175153
381	1905	-0.22537348307459998	0.1273181507458
382	1910	-0.2100249363472	0.14886570748560002
383	1915	-0.1761378651726	0.1674035539757
384	1920	-0.1371745561233	0.1873331981362
385	1925	-0.09915437715114	0.208449814108
386	1930	-0.07454008266038	0.22442305023790002
387	1935	-0.06378718575121001	0.2319437930317
388	1940	-0.05406934673267	0.21646259049260003
389	1945	-0.04398792242735	0.18230549105820001
390	1950	-0.03571477838656	0.14767773570540002
391	1955	-0.037126449036890004	0.1216450362143
392	1960	-0.0473562046103	0.1138094101947
393	1965	-0.05852751068019	0.11799924494760002
394	1970	-0.06889006865413001	0.12112135007119999
395	1975	-0.07424493880281001	0.121809609435
396	1980	-0.07482290401250001	0.121809609435
397	1985	-0.07482290401250001	0.121809609435
398	1990	-0.07482290401250001	0.121809609435
399	1995	-0.07482290401250001	0.121809609435
400	2000	-0.07482290401250001	0.121809609435
401	2005	-0.07485265782316	0.121809609435
402	2010	-0.09006796793982	0.121809609435
403	2015	-0.13127447834950998	0.121809609435
404	2020	-0.18408262775260004	0.12240759181609998
405	2025	-0.251577932334	0.12971424908209997
406	2030	-0.3253413282899	0.14644220371839997
407	2035	-0.39110172347309996	0.16527955970570002
408	2040	-0.4540637926848	0.1766916900969
409	2045	-0.5005047614691001	0.1750587850235
410	2050	-0.5222445039898	0.1632379542603
411	2055	-0.5104001493164	0.14718246545459998
412	2060	-0.4759845900427	0.1268228001572
413	2065	-0.4420759345475	0.10057605765590001
414	2070	-0.41141485763560004	0.07193497614463999
415	2075	-0.39634967839769997	0.04541915132483
416	2080	-0.39505239073799997	0.030034746211589997
417	2085	-0.39505239073799997	0.026873778881999995
418	2090	-0.39505239073799997	0.026873778881999995
419	2095	-0.39505239073799997	0.026873778881999995
420	2100	-0.39505239073799997	0.026873778881999995
421	2105	-0.39505239073799997	0.026873778881999995
422	2110	-0.39505239073799997	0.026873778881999995
423	2115	-0.39505239073799997	0.026873778881999995
424	2120	-0.39505239073799997	0.026873778881999995
425	2125	-0.39505239073799997	0.026906471603969993
426	2130	-0.39505239073799997	0.029804136117360002
427	2135	-0.39505239073799997	0.0374332617289
428	2140	-0.39408430238299996	0.04696156936911999
429	2145	-0.3745296800909	0.05645718428737999
430	2150	-0.326336426597	0.06382897727467002
431	2155	-0.26703040198109995	0.07809894812436001
432	2160	-0.20859988021799997	0.10475673925075998
433	2165	-0.1687558923918	0.1348130435825
434	2170	-0.1575505357673	0.16412819805380002
435	2175	-0.157457950265	0.18181371356460002
436	2180	-0.1551553055924	0.18521222677000002
437	2185	-0.13611345455780002	0.18521222677000002
438	2190	-0.10023581777452002	0.18521222677000002
439	2195	-0.06195895693189999	0.18521222677000002
440	2200	-0.020480830691636	0.1843719187012
441	2205	0.018512125636924	0.17020271713539997
442	2210	0.04960633751015	0.1392260884875
443	2215	0.07855722975304999	0.10393061818578002
444	2220	0.10746365023238	0.06947545595275
445	2225	0.1311748090197	0.04834918721671999
446	2230	0.14961725248099997	0.044030345562899996
447	2235	0.1678037915134	0.044030345562899996
448	2240	0.18053089223889998	0.044030345562899996
449	2245	0.18419921820599996	0.044030345562899996
450	2250	0.18419921820599996	0.044030345562899996
451	2255	0.18419921820599996	0.044030345562899996
452	2260	0.18419921820599996	0.04447507517234
453	2265	0.1805379766251	0.05019017114284
454	2270	0.16818988244509997	0.0620777324594
455	2275	0.15078397123370002	0.0753121223704
456	2280	0.13334585400920002	0.08721717479024
457	2285	0.11956897836580001	0.08373677779701001
458	2290	0.1214034183289	0.060196679100139996
459	2295	0.14047213106750003	0.03060301987050701
460	2300	0.16354862305110002	0.0018439977716120006
461	2305	0.18581560087769997	-0.016799941275295
462	2310	0.2035401612814	-0.021556643964669997
463	2315	0.21120982978359998	-0.0216066147157
464	2320	0.2151103486602	-0.0216066147157
465	2325	0.21982038169379997	-0.0216066147157
466	2330	0.22214836914279998	-0.02122845685963
467	2335	0.2190666179044	-0.008914473835174
468	2340	0.20625096470799997	0.020393340906706
469	2345	0.18705078120000002	0.0551373200537
470	2350	0.1677053708875	0.08950314134464
471	2355	0.1516481354196	0.11353791719844
472	2360	0.14511837830350002	0.127678512021
473	2365	0.144973151499	0.14240081161439996
474	2370	0.144973151499	0.1576461094288
475	2375	0.144973151499	0.1651422918423
476	2380	0.144973151499	0.1492278672569
477	2385	0.144973151499	0.11384154765145
478	2390	0.144973151499	0.07086459548836999
479	2395	0.144973151499	0.03246081286244
480	2400	0.1449804242299	0.015592600246799999
481	2405	0.14796752740670002	0.015193964169839999
482	2410	0.15824955780939998	0.02186296242963
483	2415	0.17296346575500002	0.030103126821869997
484	2420	0.1877796090016	0.033118677516400005
485	2425	0.1993588181348	0.03236272272436
486	2430	0.1987387854435	0.02481185483786
487	2435	0.18740467480200002	0.009759072792725
488	2440	0.17432606665260003	-0.006490549872681
489	2445	0.16150456217070003	-0.017887212492406
490	2450	0.15358737228769997	-0.017355699896263996
491	2455	0.151952382812	-0.008019901037773598
492	2460	0.151952382812	0.0025127384409904
493	2465	0.151952382812	0.00922141593683
494	2470	0.151952382812	0.01147428304573
495	2475	0.151952382812	0.012841098723630002
496	2480	0.151952382812	0.01421982661048
497	2485	0.15091699513579998	0.01532551122661
498	2490	0.14692530317329996	0.015753744108260002
499	2495	0.140971824034	0.015765656317200002
500	2500	0.13497747432850002	0.015765656317200002
501	2505	0.1286838408031	0.01593126931407
502	2510	0.11616721030579	0.02486626519264
503	2515	0.09655398008823	0.04714719956465001
504	2520	0.07576786330191	0.07417030254530001
505	2525	0.05631641801241	0.09674407844781999
506	2530	0.046044273981090005	0.09794936229555998
507	2535	0.0448305168461	0.07727023418418001
508	2540	0.04542123276248	0.05162585909034001
509	2545	0.04710183044342	0.030265198077759993
510	2550	0.04929265627786	0.021503646238340002
511	2555	0.055072577050820005	0.0212805678646
512	2560	0.06624507829872	0.02316166799313
513	2565	0.0787329615402	0.033658453819999996
514	2570	0.09071061662816	0.06019043123373
515	2575	0.09905378307452997	0.09726883461206
516	2580	0.10025118203128	0.1346417135879
517	2585	0.09745388379034	0.16630523095049998
518	2590	0.0941842295051	0.1839747844372
519	2595	0.09095996892305	0.1911625713635
520	2600	0.08889817943926001	0.19617478256359996
521	2605	0.0884258233949	0.19467998040349999
522	2610	0.0884258233949	0.1774167710938
523	2615	0.0884258233949	0.1493508079824
524	2620	0.0884258233949	0.12067324063692
525	2625	0.0884258233949	0.0960261588563
526	2630	0.0884258233949	0.0858244924151
527	2635	0.0884258233949	0.08404799222068
528	2640	0.0884258233949	0.08028059412325998
529	2645	0.0884258233949	0.07689805743403
530	2650	0.09068560588414001	0.08134583006795
531	2655	0.09812857950124	0.09157474865046
532	2660	0.10852312625625	0.10608954519344001
533	2665	0.1146202560482	0.125131595068
534	2670	0.09152125998485	0.1306866818298
535	2675	0.036775467432293	0.12844113305049998
536	2680	-0.024768256919247	0.12451220844720004
537	2685	-0.07561749840204	0.1143604204149
538	2690	-0.07524524947416998	0.10363483715644002
539	2695	-0.027014453615343603	0.09224520639182002
540	2700	0.028563076538766396	0.0851925228977
541	2705	0.07774354078732999	0.08531112436706
542	2710	0.10263885799104	0.09253011971225
543	2715	0.106139233625	0.10474558030661
544	2720	0.106139233625	0.11262409363069999
545	2725	0.106139233625	0.11421227439099998
546	2730	0.106139233625	0.11421227439099998
547	2735	0.106139233625	0.11419368361769999
548	2740	0.106139233625	0.11223614509419999
549	2745	0.106139233625	0.10712109363259999
550	2750	0.106139233625	0.10076888620998999
551	2755	0.106139233625	0.09443526956072001
552	2760	0.106139233625	0.09004060066142998
553	2765	0.106139233625	0.08880344470019999
554	2770	0.1058923567432	0.08543212258809
555	2775	0.0866149177603	0.07771398672407001
556	2780	0.037862403995771	0.06966693717670999
557	2785	-0.021275335061829	0.0622664655858
558	2790	-0.07986003296836999	0.058237316107
559	2795	-0.11709113766387	0.05851038789674
560	2800	-0.10934625374764997	0.05666499534456
561	2805	-0.07582857899108	0.050406293564469996
562	2810	-0.035221809097330595	0.04278364605479999
563	2815	0.017932666954379402	0.0352055910285
564	2820	0.06548325606653001	0.034081225244620005
565	2825	0.09785814583325	0.04361723653616
566	2830	0.12283777619379999	0.05740452814408999
567	2835	0.1329466692868	0.07119181975203
568	2840	0.13315853548899997	0.08097280014279998
569	2845	0.13315853548899997	0.08386013472959998
570	2850	0.13315853548899997	0.08386013472959998
571	2855	0.1334875169038	0.08386013472959998
572	2860	0.13609915068560002	0.08267798891274
573	2865	0.1409702767391	0.07211939326790999
574	2870	0.1461472241123	0.048881962527810005
575	2875	0.1509951900707	0.020940256676123
576	2880	0.1535605036617	-0.006039047386126999
577	2885	0.15386632498099997	-0.022070646838169998
578	2890	0.15386632498099997	-0.017427113633315998
579	2895	0.15386632498099997	-0.0009645671322833005
580	2900	0.15386632498099997	0.0164074188013727
581	2905	0.15386632498099997	0.03220814995279
582	2910	0.15386632498099997	0.04001258354258999
583	2915	0.15386632498099997	0.04034027983716
584	2920	0.15386632498099997	0.03596088460084
585	2925	0.15386632498099997	0.026980063532700004
586	2930	0.15477528812799998	0.017053213647776
587	2935	0.1579920803965	0.009074343121466998
588	2940	0.1626159127635	0.014773461819621001
589	2945	0.16807372307740004	0.03566816802532
590	2950	0.1797584958271	0.059471486726629996
591	2955	0.19168642642269998	0.07858150808606999
592	2960	0.1968828295661	0.08548058439889998
593	2965	0.1996799022013	0.08178549903599
594	2970	0.1953410492537	0.07612782999424002
595	2975	0.188451209339	0.07357747804640001
596	2980	0.18688585677800001	0.07357747804640001
597	2985	0.18688585677800001	0.07357747804640001
598	2990	0.18648686484840002	0.07357747804640001
599	2995	0.1768111833029	0.07357747804640001
600	3000	0.1547332905245	0.07357747804640001
601	3005	0.1291308842	0.07357747804640001
602	3010	0.10392746980524999	0.07357747804640001
603	3015	0.08800074502605001	0.07357747804640001
604	3020	0.08447623147960001	0.07357747804640001
605	3025	0.08447623147960001	0.07357747804640001
606	3030	0.08174520435848001	0.07357747804640001
607	3035	0.07033696999705999	0.07413960633746
608	3040	0.035463930535563	0.07719247814572999
609	3045	-0.035166566341697	0.08232997533799
610	3050	-0.12253701927398	0.08745919338319
611	3055	-0.20246241570740003	0.08487145212781001
612	3060	-0.2589230070409	0.06851380609967
613	3065	-0.2826625557357	0.042368388092800004
614	3070	-0.2962852605904	0.007928477690618
615	3075	-0.3231225378711	-0.024314853440422002
616	3080	-0.358588742914	-0.04534903055575
617	3085	-0.3915184623337	-0.05868006107635001
618	3090	-0.4113870162748	-0.06173585506742
619	3095	-0.40714026237240003	-0.04841233772786001
620	3100	-0.3883390177358	-0.024444845265693
621	3105	-0.3690738395069	0.0006480204741499997
622	3110	-0.36145212239299995	0.025266102726613004
623	3115	-0.3803700809919	0.043123064074060004
624	3120	-0.41511013460350005	0.0536725333528
625	3125	-0.4534541294289	0.06431453581709
626	3130	-0.4861612955109	0.07602406061809
627	3135	-0.49140423931400007	0.08452581094630002
628	3140	-0.4662101222124	0.08967077003874001
629	3145	-0.4268852593346001	0.08771546653205001
630	3150	-0.38509583341840004	0.07144083537089
631	3155	-0.35389953874439994	0.04488811613665
632	3160	-0.3432437729343	0.015554854795304805
633	3165	-0.34307881612499996	-0.0079037153986452
634	3170	-0.3441436732390001	-0.019608161774620003
635	3175	-0.3535139003998	-0.022486684291970004
636	3180	-0.37091047799759996	-0.02154233813472
637	3185	-0.3861825229129999	-0.017921519529390004
638	3190	-0.3984969089305	-0.012551817988613
639	3195	-0.4035244197033	-0.007712054936571999
640	3200	-0.4005265064384	-0.028730438402559
641	3205	-0.3995812480852	-0.09325577829225999
642	3210	-0.3843126427847	-0.17559405908727999
643	3215	-0.32732790203100004	-0.22982682270540003
644	3220	-0.23719985416159997	-0.22581074070399998
645	3225	-0.13298206685979	-0.1747593974467
646	3230	-0.041167999622808996	-0.10764399621952
647	3235	0.008188249452610999	-0.06810417368051999
648	3240	0.02440211781197	-0.06190706138879999
649	3245	0.026454368968139998	-0.06190706138879999
650	3250	0.024694191457599997	-0.06190706138879999
651	3255	0.024694191457599997	-0.06190706138879999
652	3260	0.024694191457599997	-0.06190706138879999
653	3265	0.024498447075649996	-0.06037799999093
654	3270	0.019565292947055994	-0.05418099614026001
655	3275	0.008237162835709199	-0.044748896373640004
656	3280	-0.0049442778937048	-0.03522058174599
657	3285	-0.019971706240578	-0.027221328516170002
658	3290	-0.045669289908669995	-0.023890017739140002
659	3295	-0.08064076225188	-0.023793802878100002
660	3300	-0.11606195556658001	-0.023793802878100002
661	3305	-0.1494414168816	-0.023793802878100002
662	3310	-0.16741331312860003	-0.023993277444249998
663	3315	-0.16971634471800004	-0.034586607287
664	3320	-0.16971634471800004	-0.06097372425026
665	3325	-0.1664128003611	-0.08901255902835
666	3330	-0.14301056129130002	-0.09897735444316
667	3335	-0.10152291446997	-0.08447201063748
668	3340	-0.05874501025307001	-0.05271347884754
669	3345	-0.019270650393183	-0.017603930930287594
670	3350	0.00010501475379699997	0.00019289076067940014
671	3355	0.0013952721493599998	0.008330801208496
672	3360	0.0013952721493599998	0.021048842712199
673	3365	0.0013952721493599998	0.033862278502480005
674	3370	0.0013952721493599998	0.04611387572187
675	3375	0.0013952721493599998	0.05394810024048
676	3380	0.0013952721493599998	0.0557427928395
677	3385	0.0013952721493599998	0.05666360900858001
678	3390	0.0013952721493599998	0.060196707527480006
679	3395	0.0010708683673821997	0.06545574355235
680	3400	-0.0011460388445902	0.07074925090244001
681	3405	0.0029125388879266004	0.07512194208341
682	3410	0.011907941876159001	0.07688235091457
683	3415	0.01914573004363	0.0769168222398
684	3420	0.032266218117420004	0.0769168222398
685	3425	0.042434764488170004	0.0769168222398
686	3430	0.0478245731024	0.0769168222398
687	3435	0.05188986066495001	0.0769168222398
688	3440	0.03948760643858	0.07653022685791999
689	3445	0.014240401001386998	0.07046916294887
690	3450	-0.011615494246192999	0.05727791691928001
691	3455	-0.03406484983934	0.042244361914449996
692	3460	-0.044036860119849995	0.027597402291509997
693	3465	-0.047535712283800005	0.017136931598607998
694	3470	-0.060413784996069995	-0.0057296180560150005
695	3475	-0.08031889718474	-0.050083003850533006
696	3480	-0.10046947584317001	-0.099717253275
697	3485	-0.11757180464889998	-0.1437728722385
698	3490	-0.1248443105952	-0.1557358677895
699	3495	-0.12508977706499996	-0.12858607968706
700	3500	-0.14009283181210003	-0.07305408419964199
701	3505	-0.1832650531114	-0.005334359138334001
702	3510	-0.2498089381127	0.050323967347267996
703	3515	-0.3335388011391999	0.09482765606192
704	3520	-0.41770363457189996	0.1296717289698
705	3525	-0.4821571184542	0.15725784040200003
706	3530	-0.5232391566111	0.18455667986049998
707	3535	-0.5471352167422001	0.20722651855130003
708	3540	-0.5555932517197	0.21645462929400003
709	3545	-0.5555934696960001	0.21028199271759998
710	3550	-0.5555934696960001	0.18314465461610002
711	3555	-0.5555934696960001	0.13482577917033003
712	3560	-0.5555934696960001	0.07970204776699
713	3565	-0.5555934696960001	0.030958644721164996
714	3570	-0.5555934696960001	0.0029722514196450006
715	3575	-0.5555934696960001	-0.0038326045377199995
716	3580	-0.5555934696960001	-0.0038326045377199995
717	3585	-0.5555934696960001	-0.0038326045377199995
718	3590	-0.5555934696960001	-0.0038326045377199995
719	3595	-0.5555934696960001	-0.00446275095661
720	3600	-0.5503790458687	-0.00809338502145
721	3605	-0.5341529518059001	-0.01417377510405
722	3610	-0.5121145033791	-0.020333579977349997
723	3615	-0.49006094699650005	-0.024313381560939994
724	3620	-0.47322181444149997	-0.02006940806338999
725	3625	-0.4673943521219	-0.0095484921104091
726	3630	-0.46737924416599996	0.0012055945065908998
727	3635	-0.46737924416599996	0.01040982425276
728	3640	-0.46737924416599996	0.01439076656376
729	3645	-0.46737924416599996	0.0145445224371
730	3650	-0.46737924416599996	0.0145445224371
731	3655	-0.46737924416599996	0.0145445224371
732	3660	-0.46506629499130003	0.0145445224371
733	3665	-0.42373333936230007	0.0145445224371
734	3670	-0.3379416263191001	0.0145445224371
735	3675	-0.23967176288320005	0.0145445224371
736	3680	-0.13883221814150998	0.0145445224371
737	3685	-0.07685649963163001	0.0145445224371
738	3690	-0.05933953853608	0.0145445224371
739	3695	-0.05430072783341	0.0145445224371
740	3700	-0.054144547611100005	0.0145445224371
741	3705	-0.054144547611100005	0.014494281540859999
742	3710	-0.054144547611100005	0.006865771793143599
743	3715	-0.054144547611100005	-0.0131210616893664
744	3720	-0.054144547611100005	-0.03683399409259
745	3725	-0.054144547611100005	-0.04088155726743999
746	3730	-0.054144547611100005	-0.010683741969173004
747	3735	-0.054144547611100005	0.039844431496696996
748	3740	-0.054144547611100005	0.09241262579001999
749	3745	-0.054144547611100005	0.1236986405579
750	3750	-0.07104567400115	0.1281525135845
751	3755	-0.14162778701060003	0.12630405106040002
752	3760	-0.2543081951195	0.12931768564469998
753	3765	-0.37230703809849996	0.1355047762515
754	3770	-0.4734047546875	0.14185689897800002
755	3775	-0.520821484657	0.1465393228226
756	3780	-0.5173307145259001	0.1491172218482
757	3785	-0.47916208992	0.15669648734140001
758	3790	-0.41951071473150003	0.1702861773582
759	3795	-0.3589268035640001	0.181563401179
760	3800	-0.307152097398	0.18727803348090002
761	3805	-0.2847368108369	0.18488041078169998
762	3810	-0.28380427485799997	0.17647236355899998
763	3815	-0.2776443662756	0.17037678253269997
764	3820	-0.24883576686000003	0.16877229882899997
765	3825	-0.2014510957244	0.16877229882899997
766	3830	-0.1498301576755	0.16877229882899997
767	3835	-0.1021305078635	0.16877229882899997
768	3840	-0.0769899059836	0.16877229882899997
769	3845	-0.07042537582381	0.16758879753979997
770	3850	-0.06809711257741002	0.15536498336260002
771	3855	-0.06794866018836002	0.1310888691115
772	3860	-0.061153628348920006	0.10461726638527999
773	3865	-0.04351736975821	0.06749492476924801
774	3870	-0.020719672956186003	-0.0016293228151519957
775	3875	0.009693515639244	-0.09153785917852
776	3880	0.04122815588853	-0.18010331927880002
777	3885	0.06310256643374	-0.2519540920414
778	3890	0.07981553876762	-0.276033593053
779	3895	0.08885420982003	-0.266651701512
780	3900	0.0900352068672	-0.2551417975825
781	3905	0.0900352068672	-0.24348108262840001
782	3910	0.0900352068672	-0.23258585022570002
783	3915	0.0900352068672	-0.222107509186
784	3920	0.0900352068672	-0.21290476832279998
785	3925	0.0900352068672	-0.1897585512906
786	3930	0.0900352068672	-0.12875557224751
787	3935	0.0900352068672	-0.044883998396385
788	3940	0.0900352068672	0.039218484597805005
789	3945	0.0900352068672	0.10447649569648002
790	3950	0.09043513911199	0.13029260767599998
791	3955	0.09516059732657	0.1360780502715
792	3960	0.10744792030168	0.1424302507065
793	3965	0.12921786850220002	0.14865218868470004
794	3970	0.156761094757	0.15249569342820002
795	3975	0.18030565115109998	0.15329336041100003
796	3980	0.1926602534336	0.15329336041100003
797	3985	0.17340303072299998	0.15329336041100003
798	3990	0.12663200304748998	0.15329336041100003
799	3995	0.07669463501369998	0.15329336041100003
800	4000	0.030385356331244995	0.15329336041100003
801	4005	0.006205277416405002	0.15606577636500002
802	4010	0.0033657931671399995	0.16816066011650002
803	4015	0.0033657931671399995	0.18707130992399998
804	4020	0.0033657931671399995	0.20624767394399995
805	4025	0.0033657931671399995	0.22265162201000002
806	4030	0.003635048534404	0.22973310227850002
807	4035	0.0075425502149200005	0.229998816491
808	4040	0.016221504185056003	0.229998816491
809	4045	0.02688851370825	0.229998816491
810	4050	0.04331435680995	0.22552346157140005
811	4055	0.06287307029135	0.2035343866911
812	4060	0.07898895343972	0.1697516640162
813	4065	0.09311678103502	0.1372136585878
814	4070	0.10121651968448	0.10915100807894
815	4075	0.10254514164100001	0.09860207753094001
816	4080	0.10253967551200001	0.09984679477760001
817	4085	0.09816723102993999	0.09984679477760001
818	4090	0.08650435250593	0.09984679477760001
819	4095	0.0732023738982	0.09984679477760001
820	4100	0.035568177746304996	0.10168436488496
821	4105	-0.061111804349014996	0.10869658098686001
822	4110	-0.19114793637801	0.11911039750120003
823	4115	-0.3224062934098	0.12984363802570004
824	4120	-0.4293269667685	0.14687756001629998
825	4125	-0.47273100990420003	0.1702011326651
826	4130	-0.4692345014628	0.1937040494659
827	4135	-0.4522190278307	0.21688754225669998
828	4140	-0.4306949258876	0.2319327834743
829	4145	-0.40927359998949997	0.235513728039
830	4150	-0.39766525447020007	0.235513728039
831	4155	-0.41226336419810006	0.235513728039
832	4160	-0.44429556913179996	0.235513728039
833	4165	-0.47726452847600004	0.2347265290842
834	4170	-0.5066744750426999	0.2276434480522
835	4175	-0.5205356064661999	0.21404030362499998
836	4180	-0.5214712709949999	0.1980323248519
837	4185	-0.5214712709949999	0.15763867315845997
838	4190	-0.5214712709949999	0.08809694649703
839	4195	-0.5214712709949999	0.009918754569746004
840	4200	-0.5214712709949999	-0.076104018735824
841	4205	-0.5214712709949999	-0.144214091045
842	4210	-0.5214712709949999	-0.1773829508814
843	4215	-0.5214712709949999	-0.19539528205649997
844	4220	-0.5214712709949999	-0.2031581975075
845	4225	-0.5214712709949999	-0.203655486274
846	4230	-0.5297135097610999	-0.2012295437364
847	4235	-0.5519879897334001	-0.19448762736599998
848	4240	-0.5796401694551001	-0.17906583253640002
849	4245	-0.592719306963	-0.12690581057949002
850	4250	-0.576579556287	-0.043548447423417
851	4255	-0.5372269908636	0.038215550627512994
852	4260	-0.48578866244679997	0.10897823390274
853	4265	-0.4444762743659	0.14159856241319999
854	4270	-0.4240368334226	0.14059335565609998
855	4275	-0.41277796602059996	0.13580700864759998
856	4280	-0.40822716186239993	0.1293654483629
857	4285	-0.4081234595819999	0.12125215835560002
858	4290	-0.4081234595819999	0.11299429219990001
859	4295	-0.4081234595819999	0.1057949575681
860	4300	-0.4081234595819999	0.10257227252909999
861	4305	-0.4081234595819999	0.10241998904399999
862	4310	-0.4073526497532999	0.10241998904399999
863	4315	-0.39603080993680007	0.10241998904399999
864	4320	-0.372044854479	0.09922401219765999
865	4325	-0.345175003539	0.05907975232445502
866	4330	-0.31907596242790004	-0.023265562743004998
867	4335	-0.3035279513044	-0.11405962682419998
868	4340	-0.3027294912499	-0.201657714059
869	4345	-0.3172505431239	-0.25230751826660003
870	4350	-0.3443995768789	-0.26075626728000006
871	4355	-0.3738264114968	-0.26075626728000006
872	4360	-0.4051849042889001	-0.2597951774957
873	4365	-0.43651906686610004	-0.2570342940944
874	4370	-0.46388261266090003	-0.2518534147451
875	4375	-0.4892315300623	-0.21153082395490003
876	4380	-0.5105633538618999	-0.12549509352686
877	4385	-0.5194838914304001	-0.028145346619007
878	4390	-0.5197470638999999	0.068053295328853
879	4395	-0.5193633703342001	0.1282946078503
880	4400	-0.5167620902851	0.1412733149786
881	4405	-0.5120922653358	0.11789678950675
882	4410	-0.5071877884036999	0.05243129779290271
883	4415	-0.5026670050374	0.0041822069219698
884	4420	-0.5003638081546	-0.011225172369472899
885	4425	-0.500129156172	-0.006736685484028002
886	4430	-0.500129156172	0.035456287326262007
887	4435	-0.500129156172	0.06377457169357001
888	4440	-0.500129156172	0.06588607050602
889	4445	-0.500129156172	0.07489404736979999
890	4450	-0.500129156172	0.08704807964835
891	4455	-0.500129156172	0.09667601751258001
892	4460	-0.500129156172	0.10025740532278
893	4465	-0.500129156172	0.100287871408
894	4470	-0.500129156172	0.100287871408
895	4475	-0.49985559562790005	0.100287871408
896	4480	-0.49162289474770005	0.100287871408
897	4485	-0.4672035291045001	0.100287871408
898	4490	-0.4290818857436	0.100287871408
899	4495	-0.3860326101801001	0.100287871408
900	4500	-0.35094247495240005	0.100287871408
901	4505	-0.3320390044877	0.100287871408
902	4510	-0.326837811741	0.100287871408
903	4515	-0.326837811741	0.100287871408
904	4520	-0.326837811741	0.1003545696957
905	4525	-0.326837811741	0.10233963743959999
906	4530	-0.32748537454390003	0.10701063407179998
907	4535	-0.3297759004525	0.1125158884238
908	4540	-0.3330665415581	0.1179544444881
909	4545	-0.336361897558	0.1214746310962
910	4550	-0.3390096907549999	0.122308888816
911	4555	-0.3356551102986	0.122308888816
912	4560	-0.32007913103380004	0.122308888816
913	4565	-0.3086630483949	0.122308888816
914	4570	-0.3145879585387	0.1230262473358
915	4575	-0.3290388473037	0.13141836937729998
916	4580	-0.3493950625475	0.14723753031679998
917	4585	-0.362287536324	0.1618681583494
918	4590	-0.3577079043777001	0.16844233568469996
919	4595	-0.34896170435750007	0.15549888616010002
920	4600	-0.3445128608878	0.1285772244285
921	4605	-0.33485144817659995	0.10058493084014
922	4610	-0.3162644573653	0.07432951113773001
923	4615	-0.29611387412100004	0.05567619570910999
924	4620	-0.276981891459	0.04306558339805
925	4625	-0.26636160798600006	0.03271413585046
926	4630	-0.26479801555300003	0.027964906594479998
927	4635	-0.26479801555300003	0.0274564364031
928	4640	-0.2646211822366	0.0274564364031
929	4645	-0.2619030716097	0.0274564364031
930	4650	-0.258443241948	0.0274564364031
931	4655	-0.25820586569959997	0.0274564364031
932	4660	-0.25974505122159997	0.0274564364031
933	4665	-0.263825514054	0.0274564364031
934	4670	-0.2692843158981	0.026639125627289994
935	4675	-0.29361788880980005	0.02131755033188
936	4680	-0.3486672031197	0.016080686592439997
937	4685	-0.41457107859090003	0.018492185572599996
938	4690	-0.4798380298985999	0.025597692748399997
939	4695	-0.5230077567258001	0.03719687690691
940	4700	-0.5338620137007	0.044095894410409994
941	4705	-0.5338617095140001	0.03367058638895
942	4710	-0.5338617095140001	0.014260807549984197
943	4715	-0.528828072157	-0.005175061906553801
944	4720	-0.5136549667254999	-0.019995476264028002
945	4725	-0.49337592918100004	-0.025139927816140006
946	4730	-0.473096790241	-0.0251766059706
947	4735	-0.45785128865759994	-0.04538403349928
948	4740	-0.4474032489119001	-0.10956773936058002
949	4745	-0.43494954660039997	-0.1975254800518
950	4750	-0.42732070939359995	-0.28548840476910003
951	4755	-0.43426254501250006	-0.35223885548420003
952	4760	-0.4549475047686	-0.3702775830157
953	4765	-0.48316885643029994	-0.3604655548552
954	4770	-0.5065654443828	-0.33459415771719997
955	4775	-0.5153913595096001	-0.2646568717566
956	4780	-0.5161814612989002	-0.16952695456071
957	4785	-0.5219586564084	-0.077908754970415
958	4790	-0.5343190236722	-0.0023447403320249987
959	4795	-0.5482979363250999	0.02817175748249
960	4800	-0.5642011711623001	0.030732836084819998
961	4805	-0.5778802060241	0.035881596669729995
962	4810	-0.5859560917739	0.042233804092349995
963	4815	-0.5924134321343999	0.04856259304283
964	4820	-0.5965811457476999	0.05291872511969999
965	4825	-0.5975611687899999	0.0541221719574
966	4830	-0.5975611687899999	0.0541221719574
967	4835	-0.5975611687899999	0.0541221719574
968	4840	-0.5975611687899999	0.053989449826179994
969	4845	-0.5975611687899999	0.04644103668766
970	4850	-0.5975611687899999	0.025682321352913002
971	4855	-0.5975611687899999	-0.0010301420461050002
972	4860	-0.5975611687899999	-0.027636298058018004
973	4865	-0.5975611687899999	-0.046826763062609994
974	4870	-0.5975611687899999	-0.052806925870979994
975	4875	-0.5975611687899999	-0.05283334061509999
976	4880	-0.5916655020637	-0.05283334061509999
977	4885	-0.5303296196802	-0.05283334061509999
978	4890	-0.41537444351110003	-0.05283334061509999
979	4895	-0.30403479017409996	-0.05283334061509999
980	4900	-0.22315970407860003	-0.05283334061509999
981	4905	-0.21661173906320003	-0.048373836551020004
982	4910	-0.2888116259361	-0.020523543206555004
983	4915	-0.3903337773791001	0.028795851536115004
984	4920	-0.47710453020080007	0.08065306246071001
985	4925	-0.5449883775998	0.12805076932110998
986	4930	-0.5877436668961	0.15205768690109997
987	4935	-0.5975611687899999	0.154595503083
988	4940	-0.5975611687899999	0.154595503083
989	4945	-0.5975611687899999	0.154595503083
990	4950	-0.5975611687899999	0.154595503083
991	4955	-0.5975611687899999	0.154595503083
992	4960	-0.5975611687899999	0.1532727191371
993	4965	-0.5917317118656998	0.1447891325011
994	4970	-0.5624762560751001	0.12888851624439998
995	4975	-0.5145104524232	0.10328823030426001
996	4980	-0.4526363826263001	0.06878044865714998
997	4985	-0.3637092433525	0.03932384885417999
998	4990	-0.2773698703278	0.017284278671894
999	4995	-0.2089906787224	0.004944378172949001
1000	5000	-0.15451975326170003	0.0028347573268900006
1001	5005	-0.13293135420210003	-0.010385271713186001
1002	5010	-0.13218118776000004	-0.058044636017140994
1003	5015	-0.13218118776000004	-0.12709007763931002
1004	5020	-0.13218118776000004	-0.196302290356
1005	5025	-0.13218118776000004	-0.2522944740327
1006	5030	-0.13199193271690002	-0.2738473224455
1007	5035	-0.12389726234239999	-0.2485121798891
1008	5040	-0.10407785507942999	-0.17662358271674003
1009	5045	-0.08024987121633001	-0.08391159669914991
1010	5050	-0.05661114239635	0.008739008293130103
1011	5055	-0.04087782890769999	0.07588769963455999
1012	5060	-0.036869252307499996	0.09721352958421
1013	5065	-0.03944097495546	0.10189386131249001
1014	5070	-0.0484238332501	0.11125938927920001
1015	5075	-0.06516791221921	0.121634663965
1016	5080	-0.08708809152635	0.1314461165211
1017	5085	-0.10769084084773	0.13707967845309998
1018	5090	-0.12188245452240001	0.13808942517199999
1019	5095	-0.1296310926974	0.13808942517199999
1020	5100	-0.1421073521615	0.1228567832764
1021	5105	-0.1637532812639	0.071017390631368
1022	5110	-0.2086769433046	-0.002263558306648
1023	5115	-0.2864147090556	-0.075611954683766
1024	5120	-0.365721949121	-0.13269657663085
1025	5125	-0.43013240227349997	-0.1492243921127
1026	5130	-0.46785302634560005	-0.1412128500593
1027	5135	-0.4712821241499999	-0.13234647030469998
1028	5140	-0.46323802601290004	-0.11538327096438998
1029	5145	-0.4622033448031	-0.09109469221439
1030	5150	-0.4723263903742	-0.06714791949991002
1031	5155	-0.4879736683019	-0.029671756115954996
1032	5160	-0.5037769628797	0.037122544392554996
1033	5165	-0.5159535109075	0.1171928298533
1034	5170	-0.5159024508337999	0.20622648370150004
1035	5175	-0.4920747249984	0.2990166764833
1036	5180	-0.4472980799857	0.36026556619840006
1037	5185	-0.3984599173695	0.4088502177826
1038	5190	-0.33428322187889997	0.4659919785544
1039	5195	-0.2503895642759001	0.5135784284388001
1040	5200	-0.1695332001761	0.554260092145
1041	5205	-0.09375951832529	0.5765750374024
1042	5210	-0.03780634681146	0.5363082300179
1043	5215	-0.01998174819792	0.42986156232179995
1044	5220	-0.0199127586085	0.296830469531
1045	5225	-0.0199127586085	0.16553059612291
1046	5230	-0.0199127586085	0.07653600257523999
1047	5235	-0.0199127586085	0.04520326036122999
1048	5240	-0.015895957682446997	0.0404549432418
1049	5245	0.0012115529797799996	0.0404549432418
1050	5250	0.030147050175476996	0.0404549432418
1051	5255	0.06183662509451	0.0404549432418
1052	5260	0.08950939908751	0.0404549432418
1053	5265	0.10409146334450001	0.0404549432418
1054	5270	0.11281048662859998	0.0404549432418
1055	5275	0.1359613203049	0.04046828565856
1056	5280	0.17094030070759997	0.0437047694533
1057	5285	0.2065264852816	0.05307687274092
1058	5290	0.23614772429479997	0.07034958105682002
1059	5295	0.2485830751925	0.09429842855011
1060	5300	0.249190279364	0.11673883176306998
1061	5305	0.249190279364	0.13304361548319998
1062	5310	0.249190279364	0.14144779417519998
1063	5315	0.249190279364	0.14316249127300001
1064	5320	0.249190279364	0.14316249127300001
1065	5325	0.249190279364	0.1431620677929
1066	5330	0.249190279364	0.14111352384579998
1067	5335	0.249190279364	0.1345258633659
1068	5340	0.249190279364	0.126601355313
1069	5345	0.249190279364	0.1228082850996
1070	5350	0.249190279364	0.1241406292635
1071	5355	0.249190279364	0.13011294148389999
1072	5360	0.249190279364	0.1374221012775
1073	5365	0.2491900765729	0.14308556785469997
1074	5370	0.24599631490550006	0.15196029540609998
1075	5375	0.23682128925769996	0.1644531443111
1076	5380	0.2312681190143	0.1731189800915
1077	5385	0.23391782682649995	0.173794615752
1078	5390	0.24199562557079995	0.1664195698106
1079	5395	0.2578639465186	0.15532555099170003
1080	5400	0.2724223782493	0.1480585452973
1081	5405	0.27972246277050006	0.1388952362632
1082	5410	0.28932269276039996	0.130993347693
1083	5415	0.3139016263469	0.1417753664081
1084	5420	0.35599656829279996	0.1667519474188
1085	5425	0.4050949579365001	0.197197611364
1086	5430	0.4500317555568	0.2193201563353
1087	5435	0.478180591357	0.21827819924990002
1088	5440	0.4865014526107	0.2030416798688
1089	5445	0.486874538112	0.1897372598702
1090	5450	0.486874538112	0.185256665099
1091	5455	0.486874538112	0.1849541727398
1092	5460	0.486874538112	0.1811515275374
1093	5465	0.486874538112	0.17320482740209997
1094	5470	0.486874538112	0.164311732818
1095	5475	0.486874538112	0.15554054851869997
1096	5480	0.486874538112	0.14477032913179996
1097	5485	0.486874538112	0.1280125081654
1098	5490	0.486874538112	0.10730181845299
1099	5495	0.486874538112	0.08668549827578001
1100	5500	0.486874538112	0.07156836602931
1101	5505	0.486874538112	0.06658289029536998
1102	5510	0.486874538112	0.06649667775629999
1103	5515	0.486874538112	0.06649667775629999
1104	5520	0.486874538112	0.06649667775629999
1105	5525	0.486874538112	0.06649667775629999
1106	5530	0.486874538112	0.06649667775629999
1107	5535	0.486874538112	0.06649667775629999
1108	5540	0.486874538112	0.06649667775629999
1109	5545	0.486874538112	0.06649667775629999
1110	5550	0.486874538112	0.06649667775629999
1111	5555	0.486874538112	0.06649667775629999
1112	5560	0.486874538112	0.06649667775629999
1113	5565	0.486874538112	0.06649667775629999
1114	5570	0.486874538112	0.06649667775629999
1115	5575	0.486874538112	0.06649667775629999
1116	5580	0.486874538112	0.06649667775629999
1117	5585	0.486874538112	0.06649667775629999
1118	5590	0.47963254744989997	0.06649667775629999
1119	5595	0.4513040861906001	0.06630128433825998
1120	5600	0.40773108149489995	0.059203311461840005
1121	5605	0.36275801329790003	0.04209813654118
1122	5610	0.32502693576290004	0.021692945616612
1123	5615	0.30838232882520006	0.0014831481100861994
1124	5620	0.30116925071539996	-0.0118240699380758
1125	5625	0.2800672886363	-0.015124085941999998
1126	5630	0.24931550012890002	-0.015124085941999998
1127	5635	0.218389818055	-0.015124085941999998
1128	5640	0.1932771505895	-0.015124085941999998
1129	5645	0.18345343059450003	-0.015124085941999998
1130	5650	0.183279537028	-0.015124085941999998
1131	5655	0.183279537028	-0.015124085941999998
1132	5660	0.183279537028	-0.015124085941999998
1133	5665	0.183279537028	-0.015124085941999998
1134	5670	0.1831596873748	-0.015124085941999998
1135	5675	0.18004531950489996	-0.015124085941999998
1136	5680	0.1733752077212	-0.015124085941999998
1137	5685	0.16602402058729998	-0.011547385468083999
1138	5690	0.1587926831066	-0.0008012908829532999
1139	5695	0.15455586384290002	0.0135374973394807
1140	5700	0.15387478849300001	0.02787628556192
1141	5705	0.15387478849300001	0.03866086010001
1142	5710	0.15387478849300001	0.04350442972201
1143	5715	0.15331213633239998	0.04767270521953
1144	5720	0.13196806197492	0.05368282522598
1145	5725	0.063069738184969	0.059800805844560004
1146	5730	-0.040435046952431	0.064690397268
1147	5735	-0.15131331708828	0.06666258917860998
1148	5740	-0.24312328992319995	0.06679293658029999
1149	5745	-0.2919688085802	0.06679293658029999
1150	5750	-0.3131853112785	0.06679293658029999
1151	5755	-0.33703403543009997	0.06679293658029999
1152	5760	-0.3677243980605999	0.06679293658029999
1153	5765	-0.39524699002099994	0.06679293658029999
1154	5770	-0.41579213659229997	0.06679293658029999
1155	5775	-0.4257689245513999	0.0658654378099
1156	5780	-0.427190949136	0.034259999192313
1157	5785	-0.427190949136	-0.041364515264146993
1158	5790	-0.427190949136	-0.13125766448270998
1159	5795	-0.42250592386610003	-0.2202233149309
1160	5800	-0.40104596619989996	-0.26398451321460004
1161	5805	-0.3499204802302	-0.2203731286894
1162	5810	-0.2664346951094	-0.13639322707965
1163	5815	-0.17323337560240004	-0.0557961551589405
1164	5820	-0.09719110680962	0.009618687085719502
1165	5825	-0.05081436632031	0.03168002236024
1166	5830	-0.03679792498214	0.02764147531233
1167	5835	-0.0371820433001	0.026985757953599997
1168	5840	-0.0371820433001	0.026985757953599997
1169	5845	-0.0371820433001	0.026985757953599997
1170	5850	-0.0371820433001	0.026985757953599997
1171	5855	-0.0371820433001	0.026985757953599997
1172	5860	-0.0371820433001	0.026985757953599997
1173	5865	-0.0371820433001	0.03180998768461
1174	5870	-0.0371820433001	0.051241526287830005
1175	5875	-0.0371820433001	0.08160492028659
1176	5880	-0.0371820433001	0.11577294806007002
1177	5885	-0.0363484696409	0.1481897322423
1178	5890	-0.030078174782589995	0.1683116262556
1179	5895	-0.016736728331791	0.1798092138934
1180	5900	-0.0004227707395719997	0.1879534276031
1181	5905	0.015562120282279	0.19857927155930002
1182	5910	0.02611029010502	0.21905976801850002
1183	5915	0.029587308335270002	0.24614115092279998
1184	5920	0.0300918154241	0.2848121030355
1185	5925	0.0300918154241	0.32894288671870003
1186	5930	0.0300918154241	0.3616758152816
1187	5935	0.0300918154241	0.3825757490077
1188	5940	0.0300918154241	0.3886142590174
1189	5945	0.0300918154241	0.3832809032295
1190	5950	0.0300918154241	0.37717833135580003
1191	5955	0.0300918154241	0.3659687796777
1192	5960	0.0300918154241	0.3268508153191
1193	5965	0.0300918154241	0.26989126262810004
1194	5970	0.0300918154241	0.2218767939175
1195	5975	0.0300918154241	0.1863404863715
1196	5980	0.0300918154241	0.1811224902755
1197	5985	0.02758414946003	0.18741511891840001
1198	5990	0.019473005027637	0.17648736468589998
1199	5995	0.008672999454007698	0.1591153751124
1200	6000	-0.0017200547566092995	0.14215408143060002
1201	6005	-0.00960544300312	0.1318602492386
1202	6010	-0.011887352781310001	0.12714448365830003
1203	6015	-0.011480401418300002	0.11785984322779999
1204	6020	-0.011480401418300002	0.10460261763624001
1205	6025	-0.011480401418300002	0.09128390269167
1206	6030	-0.011480401418300002	0.08066242003028999
1207	6035	-0.011480401418300002	0.07660742557191
1208	6040	-0.011480401418300002	0.0765250162747
1209	6045	-0.011340019145970002	0.0765250162747
1210	6050	-0.006938745911449999	0.0765250162747
1211	6055	0.004520741065551	0.0765250162747
1212	6060	0.019293603996351	0.0765250162747
1213	6065	0.03633019225526	0.0765250162747
1214	6070	0.05185506609257	0.0765250162747
1215	6075	0.06104246602873	0.0765250162747
1216	6080	0.06691649001113	0.0765250162747
1217	6085	0.07038640639308	0.0765250162747
1218	6090	0.07110714623439998	0.0765250162747
1219	6095	0.07110714623439998	0.0765250162747
1220	6100	0.07110714623439998	0.0765250162747
1221	6105	0.07110714623439998	0.07389515432733999
1222	6110	0.07110714623439998	0.0647477605166
1223	6115	0.07110714623439998	0.05242330192208
1224	6120	0.07110714623439998	0.0408094484598
1225	6125	0.07110714623439998	0.03182545694486
1226	6130	0.07110714623439998	0.02935899729328
1227	6135	0.07110714623439998	0.030069602425500004
1228	6140	0.07110714623439998	0.030069602425500004
1229	6145	0.07110714623439998	0.030069602425500004
1230	6150	0.07110714623439998	0.030069602425500004
1231	6155	0.07110714623439998	0.030069602425500004
1232	6160	0.07110714623439998	0.030069602425500004
1233	6165	0.07110714623439998	0.030069602425500004
1234	6170	0.07110714623439998	0.030069602425500004
1235	6175	0.07110714623439998	0.030069602425500004
1236	6180	0.07110714623439998	0.030069602425500004
1237	6185	0.07110714623439998	0.030069602425500004
1238	6190	0.07110714623439998	0.030069602425500004
1239	6195	0.07110714623439998	0.030069602425500004
1240	6200	0.07110714623439998	0.030069602425500004
1241	6205	0.07110714623439998	0.030069602425500004
1242	6210	0.07110714623439998	0.030069602425500004
1243	6215	0.07110714623439998	0.030069602425500004
1244	6220	0.07110714623439998	0.030069602425500004
1245	6225	0.07110714623439998	0.030069602425500004
1246	6230	0.07110714623439998	0.030069602425500004
1247	6235	0.07110714623439998	0.030069602425500004
1248	6240	0.07110714623439998	0.030069602425500004
1249	6245	0.07110714623439998	0.030069602425500004
1250	6250	0.07110714623439998	0.030069602425500004
