Id	Time	MeanValence	MeanArousal
0	0	0.00034750638404990004	-0.0008070821063862999
1	5	-0.0013526276149475	-0.0009287421576557999
2	10	-0.0133787564935433	-0.0010114195460467
3	15	-0.04523728512779	-0.0010377258975499998
4	20	-0.10944035623079999	0.00036149294855039994
5	25	-0.196118384843	0.0068750442531574
6	30	-0.27381537035110004	0.017307726217222
7	35	-0.3295412138002	0.02794442522835
8	40	-0.35247789556610004	0.03718190539339
9	45	-0.3531783768992	0.04175943895046
10	50	-0.36647950121019995	0.046861026602210004
11	55	-0.39623084884899995	0.06468016426154
12	60	-0.41421044744249996	0.09537960336537
13	65	-0.394566225758	0.12960289523591
14	70	-0.33729144762679997	0.15941370767629998
15	75	-0.26544122291620004	0.17630295306210003
16	80	-0.20213234681950004	0.18031189700320002
17	85	-0.18396003832949998	0.18034260232700003
18	90	-0.2300404778226	0.18034260232700003
19	95	-0.29575006908580004	0.18034260232700003
20	100	-0.3448786864439001	0.18034260232700003
21	105	-0.36174763232810003	0.18034260232700003
22	110	-0.3244516613029	0.18034260232700003
23	115	-0.2608018657005	0.18033978494570002
24	120	-0.21185841815800002	0.17250332613860003
25	125	-0.17885265029399997	0.14746953815650002
26	130	-0.15366955843400001	0.11492680832778998
27	135	-0.1305938730758	0.08570433620477999
28	140	-0.09976381851738	0.06577538254809999
29	145	-0.053716480313625005	0.06304375806658999
30	150	-0.0016108025506169992	0.06782107543168
31	155	0.041668550986078	0.0692809524722
32	160	0.04883624770641	0.0692809524722
33	165	0.002343966926577999	0.0692809524722
34	170	-0.067647725975752	0.0692809524722
35	175	-0.10727914584337002	0.0692809524722
36	180	-0.10517066295145998	0.0692809524722
37	185	-0.07930417154853	0.06880845040151999
38	190	-0.053180223784399995	0.06441375646097
39	195	-0.06901099989023	0.05589802124476999
40	200	-0.1115600702157	0.04671093455211999
41	205	-0.1556091160401	0.03799634993015
42	210	-0.2033549598266	0.03320395717805
43	215	-0.24514520559169997	0.0325326057016
44	220	-0.2860710108142	0.03548864152226
45	225	-0.32331383636269995	0.05540746528407
46	230	-0.34940777719380006	0.09290007106488
47	235	-0.37823091801959996	0.13405795718177
48	240	-0.4147522390572	0.1723580579157
49	245	-0.4496687618827001	0.1937930208611
50	250	-0.48019685961959996	0.1997570526966
51	255	-0.4956004900551	0.2034480515987
52	260	-0.4926552853017001	0.20124772072680003
53	265	-0.4803212662157	0.1932701631082
54	270	-0.46130218342539997	0.1826903039684
55	275	-0.41396235374910006	0.16730929982440002
56	280	-0.33031227236859995	0.14221937770739998
57	285	-0.2268392794345	0.10968118115009
58	290	-0.10805232842647398	0.0766076838783
59	295	-0.012821004144288	0.04694308420802
60	300	0.025930264179885996	0.03278048184741
61	305	0.009028826883278999	0.033940585796130004
62	310	-0.051285763638321005	0.05604062284757
63	315	-0.12478523514190001	0.09973013998043999
64	320	-0.1822408455719	0.14729881069309997
65	325	-0.2155530541336	0.19267262613090003
66	330	-0.24409833901230002	0.2170696787788
67	335	-0.2775008345136	0.2154994648286
68	340	-0.315022708964	0.20652813833419997
69	345	-0.35557050580820004	0.1973410583787
70	350	-0.38614370700559997	0.18922555943650005
71	355	-0.4014521242322	0.18548784701100002
72	360	-0.38541377940120003	0.18527209355000002
73	365	-0.3281903560272	0.18527209355000002
74	370	-0.2493391798309	0.1848979954192
75	375	-0.1685535501608	0.1821553442842
76	380	-0.11168389652834998	0.177132744537
77	385	-0.0986078556884	0.1718246510514
78	390	-0.11979147706405	0.16689065569669997
79	395	-0.15986678854480002	0.16432521334630001
80	400	-0.2105656678151	0.16403971960800004
81	405	-0.25020831412360006	0.16403971960800004
82	410	-0.27074193222349996	0.16403971960800004
83	415	-0.2785884049502	0.16403971960800004
84	420	-0.2652612413962	0.16132415425840002
85	425	-0.2355494344243	0.1513406886482
86	430	-0.2053317162583	0.137628906067
87	435	-0.1776973512205	0.12474114142559997
88	440	-0.16390343306709998	0.1145689421338
89	445	-0.16532005593290003	0.11166464310239999
90	450	-0.17046148528740002	0.11248866104199998
91	455	-0.1804413744858	0.11254099061119997
92	460	-0.19568193371700002	0.11359199178750001
93	465	-0.20972128443889998	0.1159136019381
94	470	-0.21633143586669998	0.118559479025
95	475	-0.21424326629079998	0.12115302654270002
96	480	-0.2017138372143	0.12274790245350001
97	485	-0.18575094693689997	0.1231338656906
98	490	-0.18711621160029998	0.1279409542362
99	495	-0.2198087695078	0.1407505619322
100	500	-0.2815382208769	0.1568789928342
101	505	-0.3566110704834	0.17371373827769998
102	510	-0.4228144365386	0.190077245816
103	515	-0.4679649052765	0.2023740097003
104	520	-0.4994293358516	0.21336572089029998
105	525	-0.5086865194563001	0.2257170259291
106	530	-0.46499767718890006	0.21605894253410002
107	535	-0.3649127401231	0.2021485270566
108	540	-0.22194152161163	0.2160837047652
109	545	-0.07860446012803701	0.23964978170259998
110	550	0.016689854144413003	0.2722503618055
111	555	0.05080138238031	0.2900525698294
112	560	0.028819546380405996	0.2674271103034
113	565	-0.015930754587064	0.22879685953409998
114	570	-0.058650234652870004	0.1986364423926
115	575	-0.08654506061389002	0.18359095391610003
116	580	-0.09093775527835	0.17911319765160003
117	585	-0.08713842261897001	0.1743169338515
118	590	-0.0892273429112	0.1611875913629
119	595	-0.09580107738325	0.13005444226775004
120	600	-0.10338560638637	0.07564194410449998
121	605	-0.11576989638940001	0.020056098053094
122	610	-0.1304217823053	-0.015661974134786
123	615	-0.14312961539859997	-0.0260520281467
124	620	-0.15485508610749998	-0.03138821505883001
125	625	-0.15916680066070002	-0.06097365959298
126	630	-0.152204891481	-0.11406611094321999
127	635	-0.1413944103191	-0.1744827738628
128	640	-0.12527953492369998	-0.21675263705970002
129	645	-0.10225638439502002	-0.22561922026989997
130	650	-0.07571356311003999	-0.20158348965690004
131	655	-0.049136019808640005	-0.15675535301030002
132	660	-0.042062351477940005	-0.10455151349934
133	665	-0.05481294163422	-0.050203129308868
134	670	-0.0789765925911	-0.00020924904821999836
135	675	-0.11477409157580001	0.049199811421358
136	680	-0.1475293744444	0.09703111083485
137	685	-0.177583535018	0.13930527861019998
138	690	-0.21216421672650002	0.1652348454341
139	695	-0.24153740816270003	0.1703403117479
140	700	-0.2590925535782	0.1570654136399
141	705	-0.26587488321680003	0.1274523765251
142	710	-0.2676342053724	0.09876391759315002
143	715	-0.27490012172010003	0.07730919874707
144	720	-0.2866591891625	0.07220206150946
145	725	-0.27199138966469993	0.08676601829633
146	730	-0.21300331682689996	0.09767288579803998
147	735	-0.1284849259757	0.09657619895972
148	740	-0.039324233490729	0.09019309567858
149	745	0.021870885877961	0.08050726326748
150	750	0.026068005653283995	0.07515933647760001
151	755	-0.014876525829945999	0.08075964703528
152	760	-0.06714396807165	0.09248573385518001
153	765	-0.11759766120060999	0.10471353420393
154	770	-0.1476514361658	0.11533594003390002
155	775	-0.13380132159077	0.1203564327049
156	780	-0.0932593521801	0.1195868791676
157	785	-0.047552043661688005	0.1137150811468
158	790	-0.0023030895145150004	0.10086232613151999
159	795	0.033307146776523	0.08688529861809999
160	800	0.05405637364494	0.07894882439956999
161	805	0.06698220397951	0.07788068990354
162	810	0.07481063743084	0.08512307797497
163	815	0.07908331514779	0.09907627586271998
164	820	0.08635775016086	0.11030230604999999
165	825	0.09609320636815999	0.11529878267430001
166	830	0.10553808808409999	0.12498118859909998
167	835	0.10111158963347	0.13822517843319998
168	840	0.07304779900296	0.15075332282089998
169	845	0.0349625517891893	0.16720969345700004
170	850	-0.0034051649333916995	0.17765056922000003
171	855	-0.028121909167281002	0.17898332808900003
172	860	-0.02529003202359	0.17898332808900003
173	865	-0.0104485339226494	0.1770259571001
174	870	0.00037757239858059974	0.13932609963407003
175	875	0.0067120647905449995	0.04812221767921998
176	880	0.005261570624455	-0.06280057327622
177	885	-0.01708520190535	-0.17176599324257
178	890	-0.06654349494009999	-0.24265181893409998
179	895	-0.13632218648591	-0.22566229715019998
180	900	-0.1910491296745	-0.13299043925506
181	905	-0.1940806946772	-0.016541795090546003
182	910	-0.1561359282293	0.097417315624114
183	915	-0.11344718059291001	0.1687111694923
184	920	-0.13344645977041	0.1614959269576
185	925	-0.22435115017489998	0.11593208975275
186	930	-0.3225874840135	0.06828963251780999
187	935	-0.38274718876150005	0.025413385770186002
188	940	-0.3691786517543	0.0024126447587146994
189	945	-0.3059711356154	-0.0287943123089213
190	950	-0.24500969537800002	-0.08787939225727
191	955	-0.20415348320270002	-0.15182130583736
192	960	-0.1908522665799	-0.2122348192895
193	965	-0.20201733123690002	-0.2334941189177
194	970	-0.2207979373938	-0.18470491310739998
195	975	-0.23645172089619998	-0.10086688320779003
196	980	-0.24851149632149996	-0.015644206875484006
197	985	-0.24643806222470005	0.05329513092773599
198	990	-0.22351271029670006	0.08529383788978
199	995	-0.1775868109069	0.09502689168376999
200	1000	-0.12629555837229	0.10400982119392
201	1005	-0.09703485722602999	0.1131107433081
202	1010	-0.09949924360783	0.12448256241549997
203	1015	-0.14805353483529	0.1487207705754
204	1020	-0.22623516720219997	0.1985992727823
205	1025	-0.3176993001802	0.26060530750289995
206	1030	-0.41856966230340004	0.3174762106251
207	1035	-0.5047312918604	0.3602931399463
208	1040	-0.5731880717084	0.3795328899379
209	1045	-0.6085173709199999	0.3940208280031
210	1050	-0.5781468907256999	0.411932103943
211	1055	-0.49808347666829994	0.4198038199849
212	1060	-0.39209134351130004	0.4160251995833
213	1065	-0.2824351452274	0.3933778799241999
214	1070	-0.2292937457928	0.35801771579280006
215	1075	-0.23677194953480002	0.3337300726147
216	1080	-0.2702516147316	0.32261368848000005
217	1085	-0.3180113852885	0.32292678677780007
218	1090	-0.3609117397767	0.3318092994485
219	1095	-0.3957405697688	0.3364478218957
220	1100	-0.43125917980740003	0.3363822644624
221	1105	-0.4622387497111	0.34094699448460003
222	1110	-0.4874868785053999	0.35175135402679997
223	1115	-0.5190280520912001	0.3638048037907
224	1120	-0.5558821380456	0.37435560798019996
225	1125	-0.5889625718795999	0.36928875503439995
226	1130	-0.6141956029369999	0.3467224738039
227	1135	-0.6248860872004001	0.32066682820729997
228	1140	-0.608964385608	0.29211021733830006
229	1145	-0.5393496117701	0.2707248534581
230	1150	-0.42664792061789997	0.26104208069859997
231	1155	-0.30141491370780005	0.25359958208350003
232	1160	-0.18438898621639999	0.2497879781581
233	1165	-0.1271321818878	0.2526352893831
234	1170	-0.14052489440510002	0.2620928443081
235	1175	-0.1830751022926	0.27505168085299997
236	1180	-0.2293533332878	0.2888839539543
237	1185	-0.2708804346952	0.30170374877129996
238	1190	-0.2975188229212	0.3114137199042
239	1195	-0.31123804748090006	0.3200050548247
240	1200	-0.3136782849931	0.3278762378659
241	1205	-0.30504191620279997	0.33445186664039994
242	1210	-0.2785833091616	0.34082931626910007
243	1215	-0.22841622990470004	0.3475228563214
244	1220	-0.18161190944950004	0.3542350937071
245	1225	-0.1434795054645	0.35156110303520005
246	1230	-0.11190809143304999	0.3278925875209
247	1235	-0.10461976601435	0.292296270795
248	1240	-0.1124130859761	0.25647934664780003
249	1245	-0.1143905310404	0.2293665434453
250	1250	-0.10926775150990001	0.220088852654
251	1255	-0.10582704097283999	0.220040227243
252	1260	-0.08916163875859001	0.2181334906195
253	1265	-0.09446771802934999	0.21088907915549998
254	1270	-0.14463440608039999	0.20011265697000002
255	1275	-0.1979721097967	0.18923516227950002
256	1280	-0.2689086889378	0.18026440421220002
257	1285	-0.3294989826989	0.17663132098570003
258	1290	-0.3537677443822001	0.17571859972369996
259	1295	-0.3790159447397	0.1729696184291
260	1300	-0.40728609482290007	0.1690927892882
261	1305	-0.43634177318730005	0.16521379608110004
262	1310	-0.46282542412999994	0.1621464516314
263	1315	-0.42702654654790007	0.16101643971909999
264	1320	-0.31024781257300005	0.161014275653
265	1325	-0.15639250184400702	0.161014275653
266	1330	0.006430846201982997	0.161014275653
267	1335	0.09314621762983001	0.161014275653
268	1340	0.07327010045444	0.161014275653
269	1345	0.008606033299038003	0.161014275653
270	1350	-0.068877629537172	0.161014275653
271	1355	-0.12371917219851	0.1599881400023
272	1360	-0.13535294584149998	0.15477845295979997
273	1365	-0.12398868476380001	0.14759054723220003
274	1370	-0.10535571778874002	0.14464417670059998
275	1375	-0.07734557939535999	0.14589570167649998
276	1380	-0.04822435774196	0.151440199761
277	1385	-0.021185263057678	0.15896291653100003
278	1390	0.019772970122522	0.16224409810510002
279	1395	0.06597715555429999	0.16235351982200003
280	1400	0.10496133400363998	0.16235351982200003
281	1405	0.13703146749479997	0.16235351982200003
282	1410	0.1520447776952	0.16235351982200003
283	1415	0.153591892798	0.16235351982200003
284	1420	0.153591892798	0.16235351982200003
285	1425	0.1546483845674	0.16235351982200003
286	1430	0.163191512031	0.16235351982200003
287	1435	0.18231169878570003	0.1624279964067
288	1440	0.2086313547169	0.1654340090072
289	1445	0.2374076541339	0.172754927818
290	1450	0.2555357788248	0.181533693408
291	1455	0.2429712659657	0.1902379824134
292	1460	0.2046635485573	0.19601097059240002
293	1465	0.15682612591329997	0.19902665375849998
294	1470	0.10216070919728	0.20337713006520003
295	1475	0.061395055707330004	0.20896288028349996
296	1480	0.038980563271700006	0.2145483953127
297	1485	0.02258264081651	0.21857630914439996
298	1490	0.016174251465259998	0.21981158305599996
299	1495	0.01826499026241	0.21981158305599996
300	1500	0.02938788028389	0.21560504239609996
301	1505	0.05068572739004	0.1996901554874
302	1510	0.06980034610604999	0.1766510721283
303	1515	0.05564127965277001	0.15398959790779998
304	1520	0.0061323486089108	0.13553466434720002
305	1525	-0.0548733768351692	0.12878807703540002
306	1530	-0.1123353621074	0.129165686174
307	1535	-0.12486771301220997	0.129165686174
308	1540	-0.09511606408046	0.129165686174
309	1545	-0.05911510208252999	0.129165686174
310	1550	-0.014532507700484	0.129165686174
311	1555	0.025801123200996	0.129165686174
312	1560	0.05175321113604	0.129165686174
313	1565	0.06317243403857001	0.129165686174
314	1570	0.04693493131932899	0.129165686174
315	1575	-0.0048445640272279985	0.129165686174
316	1580	-0.09156243424222701	0.1295576287665
317	1585	-0.18524009191920002	0.133313304298
318	1590	-0.26187614120860003	0.14064585286730003
319	1595	-0.3127017820727	0.1485834841278
320	1600	-0.33138372254060006	0.1561685026074
321	1605	-0.3174301341627	0.1609935889615
322	1610	-0.2731682631234	0.16307778262699998
323	1615	-0.2062073499073	0.1665088324029
324	1620	-0.12585093205041	0.1724216091395
325	1625	-0.06671215128558002	0.1823303775523
326	1630	-0.05224970292425	0.1963256224689
327	1635	-0.06830924072181001	0.20953222026539997
328	1640	-0.0951117954025	0.22021776128969997
329	1645	-0.10744153162986	0.2263035098244
330	1650	-0.09332254957982	0.22746680150600002
331	1655	-0.06512026751017999	0.2310727527248
332	1660	-0.03415279389745	0.2481219396482
333	1665	-0.011873134278439001	0.27575411638849995
334	1670	-0.0018960092773815996	0.30413199845980005
335	1675	-0.0019704758771526	0.3289039293121
336	1680	-0.008723490915194	0.34070912776600004
337	1685	-0.025676859354664	0.3491536085183
338	1690	-0.05200003181899	0.36576712114
339	1695	-0.07392258870200999	0.3845496021533
340	1700	-0.10293250431373	0.4028555798605001
341	1705	-0.16084111191922998	0.41423456581659995
342	1710	-0.24090367935430002	0.41940543335490005
343	1715	-0.338785132864	0.4253459067612
344	1720	-0.44140874185519996	0.4318136160084
345	1725	-0.5104569428814	0.4379860448915
346	1730	-0.5546593204916002	0.441451854992
347	1735	-0.5862860998408	0.441979090833
348	1740	-0.6034624181128001	0.441979090833
349	1745	-0.6162772893941001	0.441979090833
350	1750	-0.6236080179082999	0.441979090833
351	1755	-0.6287045322697	0.441979090833
352	1760	-0.6356378582014	0.441979090833
353	1765	-0.6433442187085	0.4451329916637
354	1770	-0.6520404028613	0.45855045433800007
355	1775	-0.6617986565542	0.4827849529943
356	1780	-0.6728484701749	0.5123606964806
357	1785	-0.6866939832396	0.5371110580651
358	1790	-0.6991031094315	0.532067495862
359	1795	-0.7065414184359999	0.5050103514159
360	1800	-0.7069553329255001	0.47951935259239997
361	1805	-0.6973429437531999	0.4577316334401
362	1810	-0.6773495485721	0.4592877534542
363	1815	-0.6544989717859	0.4876489785665
364	1820	-0.6383760224414001	0.5262776628332999
365	1825	-0.632560268305	0.5681973568149
366	1830	-0.641414223474	0.6063994867952
367	1835	-0.6589733101189001	0.6289930579383001
368	1840	-0.6744745440023999	0.6201222654331999
369	1845	-0.6825775876239	0.5749210139548
370	1850	-0.6716681212394	0.5128977750069
371	1855	-0.645135062758	0.4484404318942
372	1860	-0.616600053582	0.3889564484834
373	1865	-0.5910891381314	0.3532088026154
374	1870	-0.5764713442459001	0.3338059056858
375	1875	-0.5524300956018	0.3168371129211
376	1880	-0.4959946416413	0.3091844744953
377	1885	-0.4237355987285	0.308803149185
378	1890	-0.357645692149	0.3093808323488
379	1895	-0.3175723349056	0.31355867269570004
380	1900	-0.3117262471487	0.3232014292084
381	1905	-0.32170374834419996	0.33571173293440004
382	1910	-0.32770072475559997	0.34806945856330007
383	1915	-0.328348017452	0.3568270270091
384	1920	-0.3275213320413	0.3601196792892001
385	1925	-0.3185830338835	0.36054478435600007
386	1930	-0.3060716783467	0.36054478435600007
387	1935	-0.2984277238602	0.36054478435600007
388	1940	-0.2950865252032	0.36054478435600007
389	1945	-0.3025143973647	0.3535205716592
390	1950	-0.31363211170349997	0.3192037973873
391	1955	-0.31367420272349994	0.2544660522634
392	1960	-0.29143126078570003	0.17147358910178004
393	1965	-0.24922389365249997	0.08183789896465901
394	1970	-0.19513998320300002	0.004167190003967
395	1975	-0.13954921831555	-0.052954943465782
396	1980	-0.09588424323414999	-0.09411087721021
397	1985	-0.06061894041321	-0.12576097839604
398	1990	-0.04122223666066	-0.14406674655549997
399	1995	-0.04409109958689	-0.1525001193539
400	2000	-0.06181925144222	-0.15864497383980003
401	2005	-0.08845469816097	-0.16062822121200002
402	2010	-0.10462514777792001	-0.16062822121200002
403	2015	-0.08900441442483001	-0.16062822121200002
404	2020	-0.06561262543443	-0.16062822121200002
405	2025	-0.0538674319107	-0.1578668039821
406	2030	-0.04903539340014	-0.14459130528750003
407	2035	-0.050932608650199995	-0.11095440778442
408	2040	-0.032770819684537	-0.052859937354765
409	2045	0.006380069167093001	0.014481706599715
410	2050	0.0460879564801	0.07146902149095
411	2055	0.07528440455584999	0.10809493757349001
412	2060	0.08462690897509999	0.12026328072950002
413	2065	0.08462690897509999	0.12042303313099997
414	2070	0.08462690897509999	0.12042303313099997
415	2075	0.08462690897509999	0.12042303313099997
416	2080	0.08462690897509999	0.11943573730999998
417	2085	0.08462690897509999	0.10365193122523002
418	2090	0.08462690897509999	0.06982866243031999
419	2095	0.08462690897509999	0.03177514536800401
420	2100	0.08462690897509999	0.0004891916422700013
421	2105	0.08462690897509999	-0.0037348419307602987
422	2110	0.08404652106821	0.0160393711662837
423	2115	0.06425310248843	0.0395174741173
424	2120	0.013559415450600002	0.05721530955281
425	2125	-0.05183000403625	0.06264773509941
426	2130	-0.11906787368338001	0.062121376686
427	2135	-0.16709344396779996	0.062121376686
428	2140	-0.18421874579420003	0.062121376686
429	2145	-0.18664831517170005	0.062121376686
430	2150	-0.18296551576330003	0.062121376686
431	2155	-0.1626837679044	0.062121376686
432	2160	-0.12840738827106	0.06303414548368
433	2165	-0.09305106328489998	0.0672297470787
434	2170	-0.06101730688207001	0.07478983617785
435	2175	-0.04516456542865	0.08334622702754
436	2180	-0.04470916191506	0.09099172732560001
437	2185	-0.046848126080120005	0.09535439482631002
438	2190	-0.04917997860548	0.09635257482292002
439	2195	-0.04907671505839	0.09635445306900002
440	2200	-0.04419528509788	0.09744902455405
441	2205	-0.03705274094668	0.0980522871978
442	2210	-0.030078270570580008	0.0957970602986
443	2215	-0.021880621111656	0.09226922418279002
444	2220	-0.008083362648648498	0.08764681658194
445	2225	0.003368661920558601	0.08428443392904998
446	2230	-0.0158144202954289	0.09036084199263
447	2235	-0.07363735445243	0.11045229739968002
448	2240	-0.16031865389266	0.14155290427529998
449	2245	-0.2581919755674	0.1777767540001
450	2250	-0.3292441818013	0.20923396309849998
451	2255	-0.35150631665119997	0.2279487340702
452	2260	-0.3346743754956	0.23565435357310002
453	2265	-0.3005461682586	0.23746801412000001
454	2270	-0.2598831613496	0.23746801412000001
455	2275	-0.22436775145280002	0.23581345776520002
456	2280	-0.1987391067642	0.2181472169284
457	2285	-0.17081440623420002	0.1827324192571
458	2290	-0.14271349649079998	0.1439261928786
459	2295	-0.14429894042280003	0.10677452285491
460	2300	-0.17983577188499997	0.08570529825458999
461	2305	-0.22713153667399996	0.08896592966958
462	2310	-0.27732431900399995	0.11552681390889999
463	2315	-0.30690886743499995	0.16938134367209998
464	2320	-0.3119525221369	0.24110572107349998
465	2325	-0.3139227221302	0.311123971103
466	2330	-0.3183771632756	0.35592881233229995
467	2335	-0.32490463448569995	0.3555015182871
468	2340	-0.33619257026849997	0.3251463410057
469	2345	-0.3492236637965	0.29098414152850005
470	2350	-0.35831427884859995	0.27198237083579996
471	2355	-0.3611318255565	0.2908261891107
472	2360	-0.3601444154479	0.3338191062202
473	2365	-0.36655088576	0.37916021474390005
474	2370	-0.3894927780043	0.4206303427291001
475	2375	-0.43180059633229995	0.4473683018547
476	2380	-0.4815016579322	0.46254889729760007
477	2385	-0.515933423543	0.4809950339365
478	2390	-0.5308233266785	0.5086778231071001
479	2395	-0.5328694969083	0.5385816379867999
480	2400	-0.529576098597	0.5612953222637
481	2405	-0.5333590274897	0.5651806139183
482	2410	-0.5429254694098	0.548282691724
483	2415	-0.5501697564315	0.5239888134631
484	2420	-0.5543183819308999	0.5062806053095
485	2425	-0.5556392170909998	0.500718907555
486	2430	-0.5556392170909998	0.500718907555
487	2435	-0.5449925549277	0.500718907555
488	2440	-0.48155344828479996	0.500718907555
489	2445	-0.3840513425991	0.500718907555
490	2450	-0.3082935988187	0.500718907555
491	2455	-0.2711208478505999	0.500718907555
492	2460	-0.2965789451563	0.500718907555
493	2465	-0.34167126063680003	0.500718907555
494	2470	-0.3543254286524	0.500718907555
495	2475	-0.3354125330026999	0.500718907555
496	2480	-0.3022513240933	0.500718907555
497	2485	-0.282034366688	0.4987703054128
498	2490	-0.2725111948421	0.45068108954219993
499	2495	-0.2579885654674	0.32788884557389997
500	2500	-0.21790272537150002	0.18598533886814003
501	2505	-0.186598011757	0.0839569948578
502	2510	-0.2004406050947	0.05739760747936999
503	2515	-0.2462117393722	0.10834278432281
504	2520	-0.3297150470366	0.1783992239037
505	2525	-0.4068862405819	0.21052910293159996
506	2530	-0.438823150619	0.21333063905599997
507	2535	-0.4146372838734	0.2158760925675
508	2540	-0.32208872560920004	0.229629667002
509	2545	-0.19323202579351	0.2530365849483
510	2550	-0.0571452289276	0.2798440474467
511	2555	0.029523475452909998	0.30704757062609994
512	2560	0.029250595473255002	0.32357461862360004
513	2565	-0.024877425310165	0.3304483231095
514	2570	-0.09494886732401998	0.33392148304310004
515	2575	-0.13958662153650003	0.3344531287840001
516	2580	-0.137253505139	0.3344531287840001
517	2585	-0.09592409220108	0.33600761301250004
518	2590	-0.039657138089625996	0.3434503117482
519	2595	0.008843272114884	0.35559843146919995
520	2600	0.03992764204134001	0.370069667541
521	2605	0.025333092645260995	0.3860401779122
522	2610	-0.024056037628749	0.39722480665980003
523	2615	-0.07650004666478001	0.40370401442209997
524	2620	-0.13330922089248	0.40786010583349996
525	2625	-0.16652646541170002	0.4094837404125
526	2630	-0.16548075142600002	0.4140048557389
527	2635	-0.1602436599273	0.4229338716637
528	2640	-0.1681635681909	0.4327922762516
529	2645	-0.1871072106663	0.44212937914420003
530	2650	-0.2185100513878	0.4474666684059
531	2655	-0.2635149108177	0.448396057069
532	2660	-0.30102698658110005	0.448396057069
533	2665	-0.3272590364713	0.448396057069
534	2670	-0.3245657643752	0.448396057069
535	2675	-0.2811435172869	0.4460095910321
536	2680	-0.22489634720950002	0.4161232185606
537	2685	-0.18895953560120002	0.3526181140735
538	2690	-0.20331648718739997	0.2641842722644
539	2695	-0.23842423611020003	0.15484227566656
540	2700	-0.2537413080975	0.08099363548869
541	2705	-0.24240171854719997	0.0543190535846
542	2710	-0.2215181488186	0.030153493769880003
543	2715	-0.2542592016566	0.0031023973126087993
544	2720	-0.3458189930826	-0.0370118902140012
545	2725	-0.44406934545689997	-0.09068150399876
546	2730	-0.5238156097312999	-0.12193140255096
547	2735	-0.5581918115024	-0.1266640582189
548	2740	-0.5530141210509	-0.1239923053279
549	2745	-0.5377727667601	-0.11901175591500002
550	2750	-0.5203665713030999	-0.1137199920395
551	2755	-0.5032899512774	-0.10877626160759998
552	2760	-0.49275158781409995	-0.1071588002755
553	2765	-0.49058674664799995	-0.11183649984590001
554	2770	-0.49058674664799995	-0.1245814387489
555	2775	-0.49058674664799995	-0.1428047523505
556	2780	-0.4901730126367999	-0.1607754729658
557	2785	-0.48442927628020005	-0.17475982920000002
558	2790	-0.47070603107529996	-0.18055599918100002
559	2795	-0.45385711045949995	-0.1697946575519
560	2800	-0.43481872849849995	-0.1432191945949
561	2805	-0.38410695563729996	-0.11259716627059999
562	2810	-0.30542192643609994	-0.08286753076506001
563	2815	-0.22757866301789997	-0.057317778379869996
564	2820	-0.14203211093102	-0.013252167518876002
565	2825	-0.08150956892455	0.06114002867425401
566	2830	-0.06094468573990001	0.14385359830492
567	2835	-0.05895836088037001	0.2198018072601
568	2840	-0.08901586826513	0.2622671733513
569	2845	-0.14778397448803	0.2745004250054
570	2850	-0.21011148077139996	0.2865789827962
571	2855	-0.2591198157719	0.3033601523985
572	2860	-0.2888803244156001	0.3211852104224
573	2865	-0.3050722153802	0.3348692321839
574	2870	-0.31460101865420004	0.34084680580699994
575	2875	-0.3211543445139	0.34199882252999997
576	2880	-0.31979590793100005	0.34199882252999997
577	2885	-0.27640016351560004	0.34199882252999997
578	2890	-0.20379704994029998	0.34199882252999997
579	2895	-0.152455658844	0.34199882252999997
580	2900	-0.1224669839061	0.34199882252999997
581	2905	-0.10860013096956003	0.34199882252999997
582	2910	-0.08654164292829	0.34199882252999997
583	2915	-0.029291581185257997	0.34617245229450005
584	2920	0.043888956135712	0.3707444245294
585	2925	0.09431660561933998	0.41349799870919995
586	2930	0.10824645684199999	0.458208462128
587	2935	0.10824645684199999	0.49889264185369997
588	2940	0.10824645684199999	0.5230311147127
589	2945	0.10824645684199999	0.5342793917514
590	2950	0.10824645684199999	0.5454081962087
591	2955	0.10951397524689999	0.5604199787687001
592	2960	0.1276531792718	0.5777955349068999
593	2965	0.15549154771699997	0.5905082586779
594	2970	0.16684738964030005	0.5960991509733
595	2975	0.18501083016400002	0.5961374974146001
596	2980	0.20488250056229998	0.592476211924
597	2985	0.1837096607082	0.5890286268152001
598	2990	0.12184217623987999	0.5932872925735
599	2995	0.025994861041533	0.6053024114958999
600	3000	-0.088432532834687	0.6193202680657001
601	3005	-0.17151458087903998	0.6329240912473001
602	3010	-0.19639118690139998	0.6441060783802
603	3015	-0.17777836317979998	0.6490538340289999
604	3020	-0.1441318647214	0.64948207478
605	3025	-0.10981987774820001	0.64948207478
606	3030	-0.06984990291215	0.64948207478
607	3035	-0.04291570149236	0.64948207478
608	3040	-0.03096390567775	0.64948207478
609	3045	-0.01967759837813	0.6482912824665
610	3050	-0.01795238724098	0.6417432221474
611	3055	-0.02703626365404	0.6306784531439
612	3060	-0.04033609931583	0.6192634511484
613	3065	-0.06728671051789001	0.609039241466
614	3070	-0.10357457471391	0.6041722997891
615	3075	-0.1133192984181	0.5925080987686
616	3080	-0.0858137962405	0.5457140999672999
617	3085	-0.027617941165385008	0.47240779015099993
618	3090	0.043385622233735	0.3959698811049
619	3095	0.06710860688654001	0.328781695732
620	3100	0.03162867057576199	0.29578344029590004
621	3105	-0.014052976822538	0.289286288435
622	3110	-0.04027165127697	0.28592073580419997
623	3115	-0.016500804681034997	0.28461942752869995
624	3120	0.062089071426935	0.28502723283449993
625	3125	0.15468862975217998	0.2924146687653
626	3130	0.2430402134686	0.3087743324573
627	3135	0.326293877863	0.32755681347070004
628	3140	0.39325512031490006	0.3459202817386
629	3145	0.4401347578039999	0.35731532682139994
630	3150	0.4625621334719	0.3597381441429999
631	3155	0.4538346896327	0.3601927623029999
632	3160	0.4203799314025001	0.36292580009420006
633	3165	0.3840001544112	0.37182256587569995
634	3170	0.3526335769993	0.386011069251
635	3175	0.31509105671820004	0.40069676554090006
636	3180	0.2756049007443	0.4131040421993
637	3185	0.24005056187329998	0.41934759086740003
638	3190	0.21177393270199998	0.420299401942
639	3195	0.2140703152885	0.420299401942
640	3200	0.2386284774168	0.42197359655550004
641	3205	0.2617004472229	0.4301960983858
642	3210	0.2828144717666	0.44881422834839996
643	3215	0.3078152727092	0.474675288314
644	3220	0.3442402973547	0.5019526487169
645	3225	0.38649525267699997	0.5243533439782
646	3230	0.43073436678290006	0.5366609726057
647	3235	0.46620545974530003	0.5420428829914
648	3240	0.4848560800243001	0.5468649369071998
649	3245	0.48521812144879994	0.5504926372909
650	3250	0.4369243121049	0.5422078303488
651	3255	0.3308103593059	0.5191605802025
652	3260	0.19082833349439002	0.4791386121317
653	3265	0.04850396544645699	0.42522289558399995
654	3270	-0.05462457238424301	0.3793733203813
655	3275	-0.11945961993611001	0.3472821505149
656	3280	-0.1636671953398	0.3255840068113
657	3285	-0.19450335146939995	0.3134976877619
658	3290	-0.2196090007928	0.3045147649892
659	3295	-0.2344851595428	0.29621866832359994
660	3300	-0.2434261540275	0.29197362483869993
661	3305	-0.252937820925	0.29153321663299997
662	3310	-0.2622050166734	0.2916838439073
663	3315	-0.25804053443290004	0.3007882756203
664	3320	-0.2330889211405	0.3301423443768
665	3325	-0.196625124411	0.37161981792300003
666	3330	-0.15514176275789998	0.4136236091051999
667	3335	-0.12319949619329999	0.4466735958483
668	3340	-0.11024103077459999	0.4621215476264
669	3345	-0.1005785273342	0.4809152050531
670	3350	-0.07685752893928001	0.5096599359024
671	3355	-0.038341411096643005	0.5285876570222
672	3360	0.011801133060637	0.5329449996452
673	3365	0.06416644892206	0.5175504710151
674	3370	0.10356480664386	0.49154441995189996
675	3375	0.12829703196150002	0.47535537861829996
676	3380	0.14430129799240002	0.47108911370359996
677	3385	0.1515802648696	0.47110560960399994
678	3390	0.152557695374	0.47110560960399994
679	3395	0.152557695374	0.47110560960399994
680	3400	0.152557695374	0.47110560960399994
681	3405	0.152557695374	0.47110560960399994
682	3410	0.152557695374	0.47110560960399994
683	3415	0.152557695374	0.4705715953263
684	3420	0.152557695374	0.44206212340490003
685	3425	0.152557695374	0.3710209982067
686	3430	0.152557695374	0.2848896630976
687	3435	0.152557695374	0.19613927679090998
688	3440	0.152557695374	0.12160171655456002
689	3445	0.152557695374	0.08104663183458
690	3450	0.152557695374	0.038583106565955004
691	3455	0.152557695374	-0.020618009831295
692	3460	0.152557695374	-0.06650804506425
693	3465	0.152557695374	-0.09673165331333
694	3470	0.152557695374	-0.10047827391244998
695	3475	0.152557695374	-0.08159308254314998
696	3480	0.152557695374	-0.06225634076519
697	3485	0.152557695374	-0.05003684821073999
698	3490	0.15207288836509997	-0.047295692846299996
699	3495	0.14676889528409998	-0.047295692846299996
700	3500	0.13566508568700003	-0.047314209131930005
701	3505	0.1242617558114	-0.04742389121288999
