Id	Time	MeanValence	MeanArousal
0	0	0.010292438143370001	0.02672322091696
1	5	0.028888969625610005	0.04358051462978
2	10	0.05031553914141999	0.06644113942209
3	15	0.07640735087642	0.09167673003308
4	20	0.09833995444713	0.11164909526806
5	25	0.1119459477098	0.11888104976429999
6	30	0.1301614824212	0.11179755643651001
7	35	0.15176087084079998	0.09097524032093
8	40	0.17031299917339998	0.06415233078716001
9	45	0.1875675694605	0.037348485124219996
10	50	0.1986093498707	0.01797998969553
11	55	0.203691019645	0.011930418505599998
12	60	0.2081562746625	0.011881440734099998
13	65	0.2117313674942	0.011881440734099998
14	70	0.21192397798549995	0.011881440734099998
15	75	0.2023616947777	0.010630833298977998
16	80	0.18437422043470003	-0.005549748837308
17	85	0.16522412850100002	-0.053629339252796004
18	90	0.1472470056154	-0.12393717412956
19	95	0.1376823111058	-0.1970030050194
20	100	0.13651969351499998	-0.25513886120819995
21	105	0.13651969351499998	-0.28137570911779997
22	110	0.13651969351499998	-0.28538431256599994
23	115	0.13651969351499998	-0.28538431256599994
24	120	0.13689162226980003	-0.28538431256599994
25	125	0.1395077313074	-0.28538431256599994
26	130	0.1442471963151	-0.28538431256599994
27	135	0.149237765765	-0.28538431256599994
28	140	0.1538564064602	-0.28538431256599994
29	145	0.1562308668722	-0.28538431256599994
30	150	0.156481971314	-0.28702323774700006
31	155	0.156481971314	-0.30116109946450004
32	160	0.156481971314	-0.3261454856166
33	165	0.1564966185268	-0.3418068949296001
34	170	0.1613395068222	-0.3451928955862
35	175	0.17852558807059998	-0.33475296614909994
36	180	0.2034810247971	-0.3134665122773
37	185	0.22866157070560003	-0.30150303524440003
38	190	0.2490138755313	-0.300176041687
39	195	0.2536818088338	-0.300176041687
40	200	0.24060908228470007	-0.300176041687
41	205	0.22048422910899998	-0.2990152040751
42	210	0.2001771315045	-0.28426805021760004
43	215	0.1832112124698	-0.25363250424449996
44	220	0.17621659780879997	-0.21953404478949995
45	225	0.17603435337999998	-0.18659642294639997
46	230	0.17603435337999998	-0.16724511734890002
47	235	0.17603435337999998	-0.16378220386700001
48	240	0.17603435337999998	-0.16378220386700001
49	245	0.17603435337999998	-0.16378220386700001
50	250	0.17603435337999998	-0.16378220386700001
51	255	0.17603435337999998	-0.16378220386700001
52	260	0.17603435337999998	-0.16378220386700001
53	265	0.17603435337999998	-0.16378220386700001
54	270	0.1750221074526	-0.16378220386700001
55	275	0.16522902604019998	-0.16378220386700001
56	280	0.1455125222788	-0.16378220386700001
57	285	0.11208359120879001	-0.16378220386700001
58	290	0.06327702083558001	-0.16378220386700001
59	295	0.018418995233920897	-0.16378220386700001
60	300	-0.0165156080184291	-0.16378220386700001
61	305	-0.037737521300410005	-0.1583773434382
62	310	-0.04137680325359	-0.1435101161129
63	315	-0.0380827647552	-0.12458538231980001
64	320	-0.03388017995544	-0.10566064852663999
65	325	-0.02967785781722	-0.09214077516243999
66	330	-0.02666770392208	-0.0880832686948
67	335	-0.0187371568264308	-0.0880832686948
68	340	0.0018113489384522	-0.09216155900699999
69	345	0.028865514590503	-0.11252750832880001
70	350	0.05591910238715	-0.14643747994129996
71	355	0.07568597873968	-0.18168210514709998
72	360	0.07950592039504	-0.2132083580588
73	365	0.07333194772067	-0.23634713700489995
74	370	0.06387270865321001	-0.2563494972618
75	375	0.05265374260525	-0.277884540501
76	380	0.04378234396983	-0.29905966572209997
77	385	0.03839919977698001	-0.31233460589929996
78	390	0.03629733668294001	-0.31520194247499994
79	395	0.030480068222189998	-0.31520194247499994
80	400	0.014899243592037004	-0.31520194247499994
81	405	-0.0047749908324660004	-0.31520194247499994
82	410	-0.024438666831783	-0.3168755414117
83	415	-0.03836192197866001	-0.3238823471511
84	420	-0.04244875864217001	-0.329242655935
85	425	-0.04244218551130001	-0.32894346762029997
86	430	-0.04244218551130001	-0.3199627429606
87	435	-0.04244218551130001	-0.29023004536429997
88	440	-0.04244218551130001	-0.23687686651190004
89	445	-0.04244218551130001	-0.167560065552
90	450	-0.04244218551130001	-0.1047007408819
91	455	-0.04244218551130001	-0.06913103882588001
92	460	-0.035597633819830006	-0.07817449412416
93	465	-0.012625810670641002	-0.12108235550697999
94	470	0.019416735681969	-0.16473674134529998
95	475	0.051404252014020005	-0.19652027070350003
96	480	0.07834550269044	-0.20895762091950004
97	485	0.09123513854175999	-0.20915368425700004
98	490	0.0954883883287	-0.20915368425700004
99	495	0.09979666813608998	-0.20915368425700004
100	500	0.10230666190779998	-0.20915368425700004
101	505	0.10274099904699999	-0.20915368425700004
102	510	0.10274099904699999	-0.20915368425700004
103	515	0.10274099904699999	-0.20915368425700004
104	520	0.10274099904699999	-0.20915368425700004
105	525	0.10274099904699999	-0.20915368425700004
106	530	0.10274099904699999	-0.20915368425700004
107	535	0.10274099904699999	-0.20915368425700004
108	540	0.10274099904699999	-0.20915368425700004
109	545	0.10274099904699999	-0.20915368425700004
110	550	0.10274099904699999	-0.21176381821600004
111	555	0.10274099904699999	-0.23177378454130002
112	560	0.10259495912469999	-0.2720138084093
113	565	0.09887041524276	-0.3176941914127
114	570	0.09030133749947	-0.3527794227184
115	575	0.08032018993217	-0.3494414918348
116	580	0.07048508228721999	-0.3126497725108
117	585	0.06303147738621	-0.2702322752381
118	590	0.05600742169489	-0.23579979570399998
119	595	0.043856045932490005	-0.22525263084039998
120	600	0.026527827747620997	-0.244281662711
121	605	0.00862145001098059	-0.274207538079
122	610	-0.0047896678781174104	-0.3005157643067
123	615	-0.011661395872007001	-0.3206012029943
124	620	-0.013356281443430002	-0.30694974414360005
125	625	-0.0132760062475	-0.2652054743994
126	630	-0.0132760062475	-0.22455968943050003
127	635	-0.01395919100716	-0.1872747071543
128	640	-0.01918712160134	-0.16737415658
129	645	-0.032829250414	-0.164854992215
130	650	-0.05925270720273	-0.164854992215
131	655	-0.10320681132166001	-0.1648062172283
132	660	-0.15384238676440004	-0.1543178852617
133	665	-0.19898818523090003	-0.1302775291024
134	670	-0.2330408865675	-0.10638750722261
135	675	-0.248884641319	-0.0829600037985
136	680	-0.2535021789126	-0.0559457433848
137	685	-0.2556338881702	-0.030263308553329
138	690	-0.2590867363922	-0.0033388217915282003
139	695	-0.2723507924748	0.0239994084390808
140	700	-0.30216264902109996	0.03182721022090999
141	705	-0.3408495335331	0.019792875324930997
142	710	-0.37655079285719995	0.005228616318047998
143	715	-0.40382202381520005	-0.006232343459141
144	720	-0.4167654697302	-0.006639048717551002
145	725	-0.42124185294899996	0.0038000638076579997
146	730	-0.42569449154429995	0.009057351851393999
147	735	-0.4287610651403	-0.022275358235197003
148	740	-0.4296975588769	-0.09013349366312
149	745	-0.4311175108653001	-0.17060811111526
150	750	-0.43415483170149993	-0.24730875879949998
151	755	-0.4375694405191	-0.2859937495468
152	760	-0.44089411377609994	-0.2916549989697
153	765	-0.4360656985417	-0.2879036460845
154	770	-0.4181947650587	-0.2813062320256
155	775	-0.3955124692717001	-0.2792377760029999
156	780	-0.37299817649899997	-0.2792377760029999
157	785	-0.35730695578980004	-0.2792377760029999
158	790	-0.3530408844809001	-0.2792377760029999
159	795	-0.35320888749500007	-0.2792377760029999
160	800	-0.35320888749500007	-0.2792377760029999
161	805	-0.35320888749500007	-0.2792377760029999
162	810	-0.35257587220450004	-0.2792377760029999
163	815	-0.346565379644	-0.2792377760029999
164	820	-0.33372016214350003	-0.2792377760029999
165	825	-0.31601438719279995	-0.2792560046416
166	830	-0.2960342235371	-0.2847800671388
167	835	-0.2812944276454	-0.2995307388765
168	840	-0.2733893566935	-0.3180204146348
169	845	-0.27034484319190005	-0.3364918617544
170	850	-0.270294727493	-0.34860786340579997
171	855	-0.2714315304691	-0.3446295459002999
172	860	-0.2737946517221	-0.3187222429798
173	865	-0.27642127588989995	-0.2744293159181
174	870	-0.2790238399822	-0.21654330906119998
175	875	-0.2838226741021	-0.13116344514342002
176	880	-0.29232282999719994	-0.03772540430907599
177	885	-0.3023039775645	0.034739013805794
178	890	-0.31449346250730004	0.08939644381765
179	895	-0.3325732268252001	0.10903155041679999
180	900	-0.353898520666	0.10241849870498002
181	905	-0.3747874020305	0.09490969432587
182	910	-0.393405012288	0.07250184854743999
183	915	-0.4028862639735	0.027545802599613194
184	920	-0.40419434608399996	-0.0207540588084768
185	925	-0.40419434608399996	-0.05870699509459
186	930	-0.40419434608399996	-0.07661897369922001
187	935	-0.40448238182139995	-0.07132199569912
188	940	-0.4085265590583	-0.06297227131031
189	945	-0.42082141912590004	-0.07323095074389999
190	950	-0.4380982435419999	-0.11281961105204
191	955	-0.4552864195004999	-0.1698902964282
192	960	-0.4692903210432	-0.2279648574327
193	965	-0.4803140574545	-0.2670439012688
194	970	-0.49208784396719996	-0.2636011695876
195	975	-0.5046956070343	-0.2347161994699
196	980	-0.5167315030176	-0.2043840782398
197	985	-0.523980654064	-0.18130224423230004
198	990	-0.5273272667496001	-0.17318982445150005
199	995	-0.5193974631303	-0.17303761803900003
200	1000	-0.4981251633554999	-0.17303761803900003
201	1005	-0.4746153504602	-0.17303761803900003
202	1010	-0.44927606147599997	-0.17303761803900003
203	1015	-0.438049253711	-0.17303761803900003
204	1020	-0.4566116165593999	-0.17303761803900003
205	1025	-0.49039397065220003	-0.17303761803900003
206	1030	-0.5250653299217001	-0.17303761803900003
207	1035	-0.5531348024049999	-0.17303761803900003
208	1040	-0.549595859976	-0.1723476255572
209	1045	-0.5159177730368001	-0.1640035305225
210	1050	-0.47091266385159997	-0.14689355106930002
211	1055	-0.42216445365340005	-0.12787060850409998
212	1060	-0.38829683072089993	-0.10418878481481002
213	1065	-0.3710945892908	-0.07668210570886
214	1070	-0.36160225440020005	-0.051628802095799994
215	1075	-0.353996409223	-0.028417225797402995
216	1080	-0.3448032463056	-0.010554523104805
217	1085	-0.33561759551040005	-0.004170778381727
218	1090	-0.3245984702137	-0.004099542584349999
219	1095	-0.3185531601580999	-0.004099542584349999
220	1100	-0.3223670478862	-0.004099542584349999
221	1105	-0.3292253315335	-0.004099542584349999
222	1110	-0.34064520021250005	-0.005106599035165001
223	1115	-0.3516803229869	-0.01455243007693
224	1120	-0.35472471890600005	-0.030566578859740005
225	1125	-0.3527693919061	-0.036263359804499996
226	1130	-0.34159816515229996	-0.024840700305032
227	1135	-0.32241904668149995	0.0002174609439679988
228	1140	-0.3024926092479	0.03028764123462
229	1145	-0.28458301414950005	0.04994584438371
230	1150	-0.27747495404949996	0.05195530951566
231	1155	-0.2805458935061	0.03786647432042999
232	1160	-0.285011139856	0.012650945453712
233	1165	-0.28596567313029997	-0.015787747335498
234	1170	-0.2793525756029	-0.042690086100989996
235	1175	-0.2692857220994	-0.05869085169793999
236	1180	-0.2595679840947	-0.06007182066293
237	1185	-0.25176423960300004	-0.05402482649493
238	1190	-0.24848923684450003	-0.045781649862020005
239	1195	-0.2463247863749	-0.037113865790070005
240	1200	-0.24316423247610003	-0.0198112838484865
241	1205	-0.24153888280460004	0.0117449495568735
242	1210	-0.2412691817898	0.049419771083999996
243	1215	-0.2365831371055	0.08679070589883
244	1220	-0.2100436823785	0.11359003858293999
245	1225	-0.1615638246165	0.1220255298963
246	1230	-0.10860374467955	0.122146250623
247	1235	-0.06011518522249999	0.122146250623
248	1240	-0.03052802416987	0.122146250623
249	1245	-0.018857626040760002	0.122146250623
250	1250	-0.010576507743409999	0.122146250623
251	1255	-0.0043784893410746	0.1217927279237
252	1260	-0.0150427874509346	0.10736512158195
253	1265	-0.05915588562752	0.07219104986382
254	1270	-0.12377394285118999	0.029991073712504496
255	1275	-0.1882611948148	-0.011855379739505501
256	1280	-0.23883814190439998	-0.039627749549040005
257	1285	-0.25197191609749997	-0.0466536539822
258	1290	-0.2295042496532	-0.0466536539822
259	1295	-0.1969341914515	-0.044117070727520004
260	1300	-0.16436413324959998	-0.029644128116419005
261	1305	-0.13981208798880002	-0.004670114432499
262	1310	-0.13154507182900002	0.0214051942225
263	1315	-0.13154507182900002	0.04494391962277999
264	1320	-0.13154507182900002	0.05654628566663
265	1325	-0.13154507182900002	0.0576475806377
266	1330	-0.13154507182900002	0.0576475806377
267	1335	-0.13154507182900002	0.0576475806377
268	1340	-0.13327008037340002	0.0576475806377
269	1345	-0.147068751209	0.05784735599102
270	1350	-0.1741031885582	0.06268850177895
271	1355	-0.20844265659029998	0.06940800653276
272	1360	-0.2458531618491	0.050596923133414
273	1365	-0.271568132672	-0.0049240108603460005
274	1370	-0.2815710137021	-0.0709292293188
275	1375	-0.27667735891850004	-0.13660074389722002
276	1380	-0.26171545725049994	-0.182823386812
277	1385	-0.24621840846600002	-0.1931299246477
278	1390	-0.2331976829607	-0.1990872705271
279	1395	-0.22776846258570002	-0.2175619983596
280	1400	-0.22761144332400002	-0.24050293654429997
281	1405	-0.22761144332400002	-0.2645862343752
282	1410	-0.22761144332400002	-0.2871758101321
283	1415	-0.22560833196510002	-0.2999254573891
284	1420	-0.20553230221739996	-0.3068130763462
285	1425	-0.16552712273509998	-0.3172029120865
286	1430	-0.11949695392766002	-0.32861078648400005
287	1435	-0.07087331502039	-0.3395532702741
288	1440	-0.037891659663710005	-0.3458098555227
289	1445	-0.0248391540417	-0.34484723333199996
290	1450	-0.01781163774497	-0.3345720319555
291	1455	-0.015380702906899999	-0.317531452437
292	1460	-0.015380702906899999	-0.30003937445699996
293	1465	-0.015380702906899999	-0.2845279573253
294	1470	-0.015782260238159998	-0.27731108072180005
295	1475	-0.02000376058738	-0.27685958226000007
296	1480	-0.02842028506401	-0.27685958226000007
297	1485	-0.03761344798136	-0.27685958226000007
298	1490	-0.04640505356743001	-0.27685958226000007
299	1495	-0.05163654121362001	-0.27685958226000007
300	1500	-0.06888548947752	-0.27685958226000007
301	1505	-0.11202080909970999	-0.27685958226000007
302	1510	-0.1658664788539	-0.27685958226000007
303	1515	-0.21945232352990002	-0.27685958226000007
304	1520	-0.2568256834609	-0.27685958226000007
305	1525	-0.26819904458469995	-0.27685958226000007
306	1530	-0.2738460098936	-0.27685958226000007
307	1535	-0.2844902198823	-0.27685958226000007
308	1540	-0.2950161275043	-0.27685958226000007
309	1545	-0.30394668069670006	-0.2788634722198
310	1550	-0.308699494535	-0.2957321530261
311	1555	-0.31286337302139994	-0.3277814720862
312	1560	-0.32092951576219997	-0.3621505285133
313	1565	-0.33024760918049995	-0.3945156949805
314	1570	-0.33875948763569996	-0.4120160706011
315	1575	-0.34286305676319995	-0.41433580796800007
316	1580	-0.34384472870570004	-0.41433580796800007
317	1585	-0.34691681819420006	-0.41433580796800007
318	1590	-0.35182212770500004	-0.41433580796800007
319	1595	-0.3568126971545	-0.41433580796800007
320	1600	-0.3613187611091	-0.4048071620022
321	1605	-0.3650601122271	-0.36480456502970005
322	1610	-0.36876064574	-0.2888686757266
323	1615	-0.37270056899	-0.19607067034700001
324	1620	-0.37646293303219996	-0.11072257772842001
325	1625	-0.3785799851252001	-0.05563025811183999
326	1630	-0.37890463480100006	-0.03645765723913
327	1635	-0.37976112306700005	-0.03414717244308
328	1640	-0.3831956912499	-0.03709730636404
329	1645	-0.38840039100049994	-0.05336303203017999
330	1650	-0.3936728988208	-0.07969283644474
331	1655	-0.405642545195	-0.10578055858133
332	1660	-0.43197573988539995	-0.12830933599419997
333	1665	-0.4766633414300999	-0.13774069966639998
334	1670	-0.5327070419941	-0.1371215581772
335	1675	-0.5819037539711	-0.13674449896600002
336	1680	-0.6141588377148	-0.13674449896600002
337	1685	-0.6262893830363001	-0.13674449896600002
338	1690	-0.6284671379226001	-0.13285400331890002
339	1695	-0.6404290205722	-0.11093820691072001
340	1700	-0.6660739259719001	-0.057305155455787
341	1705	-0.7085239577635001	0.028954698749603002
342	1710	-0.7631180708448	0.12727186857707
343	1715	-0.8086948628892999	0.2132350280368
344	1720	-0.840588632184	0.2734599764077
345	1725	-0.8556772750868002	0.30226933404420003
346	1730	-0.8571507200460002	0.3151308804117
347	1735	-0.8571507200460002	0.3148021793554
348	1740	-0.8419144367564002	0.284269832574
349	1745	-0.7593859836686	0.2343141301048
350	1750	-0.6160655820222999	0.1828519287004
351	1755	-0.4640063866459	0.1389086843265
352	1760	-0.32718074287879995	0.11932495885450001
353	1765	-0.25764726891010004	0.12248098455909999
354	1770	-0.2489057435001	0.13119608585620002
355	1775	-0.24890301182000002	0.1286588554952
356	1780	-0.24890301182000002	0.1213910872481
357	1785	-0.2485762608516	0.1211329672537
358	1790	-0.24608496669250002	0.12439877544779998
359	1795	-0.24011335013	0.14125740428670003
360	1800	-0.23249767994960005	0.15939762681529998
361	1805	-0.2252072373006	0.14173451790062003
362	1810	-0.22008133784209996	0.076436943425415
363	1815	-0.21843576078699994	-0.012495180225855001
364	1820	-0.21843423734999995	-0.10031678220955001
365	1825	-0.21843423734999995	-0.16387230850749998
366	1830	-0.21843423734999995	-0.18736987409090003
367	1835	-0.21843423734999995	-0.18957337948500003
368	1840	-0.21843423734999995	-0.18957337948500003
369	1845	-0.21843423734999995	-0.18957337948500003
370	1850	-0.21843423734999995	-0.18957337948500003
371	1855	-0.21843423734999995	-0.18957337948500003
372	1860	-0.21843423734999995	-0.18957337948500003
373	1865	-0.21843423734999995	-0.18957337948500003
374	1870	-0.21843423734999995	-0.18957337948500003
375	1875	-0.21663668535089994	-0.19228855510710002
376	1880	-0.20431679877909997	-0.21303111663549998
377	1885	-0.1794195116809	-0.25053710539240004
378	1890	-0.14723561787290002	-0.2837445636036
379	1895	-0.11075677936405	-0.30802977780380003
380	1900	-0.08172760181692999	-0.31383028519899997
381	1905	-0.06486165912823001	-0.30286736536590003
382	1910	-0.0552823231494	-0.2962029760786
383	1915	-0.05179548387034999	-0.29574565518000007
384	1920	-0.0513813182022	-0.29574565518000007
385	1925	-0.0513813182022	-0.2964363635775
386	1930	-0.0513813182022	-0.3038284129549
387	1935	-0.0513813182022	-0.3191490388579
388	1940	-0.0513813182022	-0.3363876087041
389	1945	-0.0513813182022	-0.3542648527871
390	1950	-0.0508643468814	-0.3712330854293
391	1955	-0.048156248978899995	-0.3851040092782999
392	1960	-0.04543223334094999	-0.39742531001150005
393	1965	-0.04529333660968	-0.4084172281102
394	1970	-0.04659829258043	-0.41361681666969996
395	1975	-0.04917674074187	-0.41398513749699994
396	1980	-0.04953916638391001	-0.41398513749699994
397	1985	-0.04600148433540001	-0.41398513749699994
398	1990	-0.041536237985649996	-0.41398513749699994
399	1995	-0.03798862602692	-0.41398513749699994
400	2000	-0.03667295432303	-0.41398513749699994
401	2005	-0.036672271403	-0.41398513749699994
402	2010	-0.036672271403	-0.41398513749699994
403	2015	-0.03632634548119	-0.41398513749699994
404	2020	-0.03351675535339	-0.41398513749699994
405	2025	-0.02546853183719	-0.41398513749699994
406	2030	-0.0126607712345428	-0.41398513749699994
407	2035	0.0014397054285272002	-0.41398513749699994
408	2040	0.013076517885640002	-0.41398513749699994
409	2045	0.01947469695436	-0.41398513749699994
410	2050	0.0211133389366	-0.41398513749699994
411	2055	0.0211133389366	-0.41398513749699994
412	2060	0.0211133389366	-0.41398513749699994
413	2065	0.0211133389366	-0.41398513749699994
414	2070	0.0211133389366	-0.4136476669955
415	2075	0.0211133389366	-0.40642292897939997
416	2080	0.0211133389366	-0.39015584795670005
417	2085	0.021632869456549998	-0.3713962209405
418	2090	0.02538849754488	-0.352974064426
419	2095	0.02783221032259	-0.3414391754263
420	2100	0.02268863552598	-0.33894662943299997
421	2105	0.013466724994126997	-0.33894662943299997
422	2110	0.0010087168938820008	-0.33894662943299997
423	2115	-0.011279393791224999	-0.338033717945
424	2120	-0.0238684990769	-0.3298129900088
425	2125	-0.03977626073021	-0.3140216746803
426	2130	-0.05437147157462	-0.3009014002761
427	2135	-0.06685959178020999	-0.3008265732143
428	2140	-0.07345203696475	-0.333687649923
429	2145	-0.07477803227846	-0.3816731531359
430	2150	-0.07751365832838	-0.40300806863790006
431	2155	-0.08029425196109999	-0.39386542284189996
432	2160	-0.07872799863353	-0.35284983163360006
433	2165	-0.07113478789541	-0.30043863712170005
434	2170	-0.047172490022260004	-0.27776419669550007
435	2175	-0.007533727375693998	-0.2846362206904
436	2180	0.035874637740476	-0.30144651398260003
437	2185	0.07784611521260001	-0.318666929908
438	2190	0.10370717503407997	-0.3219006477399
439	2195	0.1129716649219	-0.3091255454308
440	2200	0.11611231253379999	-0.2926474999868
441	2205	0.116273902091	-0.27960109610149997
442	2210	0.116273902091	-0.2747841830106
443	2215	0.116273902091	-0.2747746510829999
444	2220	0.116273902091	-0.2747746510829999
445	2225	0.116273902091	-0.2747746510829999
446	2230	0.116273902091	-0.2747746510829999
447	2235	0.116273902091	-0.2747746510829999
448	2240	0.116273902091	-0.2747746510829999
449	2245	0.116273902091	-0.2747746510829999
450	2250	0.116273902091	-0.2747746510829999
451	2255	0.116273902091	-0.2747746510829999
452	2260	0.116273902091	-0.2747746510829999
453	2265	0.116273902091	-0.2747746510829999
454	2270	0.11709319599769999	-0.2747746510829999
455	2275	0.1201266742382	-0.2747746510829999
456	2280	0.124573481747	-0.2747746510829999
457	2285	0.129038728097	-0.2747746510829999
458	2290	0.12813973859279998	-0.27516747965870003
459	2295	0.08516511630639399	-0.2832140124713
460	2300	-0.010738850165306	-0.29828832781000003
461	2305	-0.12340342305879999	-0.3131284345778
462	2310	-0.2320657131695	-0.3275745973341
463	2315	-0.304930248878	-0.3343670558535
464	2320	-0.3410056416919	-0.33413173184680006
465	2325	-0.37150956011400005	-0.334130616411
466	2330	-0.40197833458399995	-0.33247533337310003
467	2335	-0.42838341500790006	-0.3083013858339
468	2340	-0.43067577188830003	-0.2641601996605
469	2345	-0.3940384443353	-0.22349196789989997
470	2350	-0.3380433104638	-0.1870558307607
471	2355	-0.28157102520980004	-0.1731383581229
472	2360	-0.2344845914764	-0.1791881241194
473	2365	-0.2151571489875	-0.181764935703
474	2370	-0.214679997605	-0.181764935703
475	2375	-0.214679997605	-0.181764935703
476	2380	-0.214679997605	-0.181764935703
477	2385	-0.21652088938420003	-0.181764935703
478	2390	-0.2249883292982	-0.181764935703
479	2395	-0.238472675721	-0.181764935703
480	2400	-0.2521882722967	-0.181764935703
481	2405	-0.26406297709320004	-0.1816797526654
482	2410	-0.2692476151155	-0.179455205158
483	2415	-0.269297282244	-0.17637778370710003
484	2420	-0.26906115347400006	-0.1747871504411
485	2425	-0.268825024704	-0.1735671809091
486	2430	-0.26865241457299993	-0.17423276328210002
487	2435	-0.26859786882699993	-0.171392699049
488	2440	-0.26858069069749996	-0.161488963747
489	2445	-0.2671557488679	-0.1498275728497
490	2450	-0.26351535765899997	-0.1384199945171
491	2455	-0.2590501026414	-0.13137093673400002
492	2460	-0.2540754502787	-0.12989876183500002
493	2465	-0.24564283670669998	-0.12989876183500002
494	2470	-0.23412958842040005	-0.12989876183500002
495	2475	-0.22193357252709997	-0.1292819761033
496	2480	-0.207457644293	-0.12315468047149998
497	2485	-0.18370914571699998	-0.10671637477172
498	2490	-0.1474442700404	-0.07834344847211999
499	2495	-0.10805337410394003	-0.05262218053894
500	2500	-0.07998086747366	-0.04211734235048999
501	2505	-0.07432549753074999	-0.043077226739630006
502	2510	-0.09488108390285	-0.05597173172849999
503	2515	-0.13916798736052	-0.06287718277641999
504	2520	-0.1859135321009	-0.051235819385280004
505	2525	-0.20970679206159998	-0.03347637361835
506	2530	-0.20705832076359995	-0.015639271273519502
507	2535	-0.18115051847420002	-0.0017563502350364996
508	2540	-0.14427217341110002	0.003285676208913
509	2545	-0.122067271692	0.0033633327867999994
510	2550	-0.11790560611100001	0.003347975476921
511	2555	-0.11790560611100001	0.0003224113278125001
512	2560	-0.11790560611100001	-0.007799648100216499
513	2565	-0.11790560611100001	-0.018023353277818
514	2570	-0.11790560611100001	-0.028231701145549997
515	2575	-0.11753020955449997	-0.034131120610050004
516	2580	-0.11019064750492999	-0.029569513466859997
517	2585	-0.09289877873249	-0.025177753915700003
518	2590	-0.06923508875961001	-0.0274964111943
519	2595	-0.04254181528354999	-0.031486903760330004
520	2600	-0.023044598642489998	-0.04084192765515
521	2605	-0.014995546453629998	-0.047925458208369985
522	2610	-0.01808753058714	-0.04748428625908999
523	2615	-0.03068565399953	-0.042373738186839996
524	2620	-0.045251887893710006	-0.03329191134088
525	2625	-0.058323052043299996	-0.02372078244805
526	2630	-0.06743058605237999	-0.01496393922791
527	2635	-0.08215027671911	-0.009723515495749999
528	2640	-0.11819147885125	-0.0038783384257325
529	2645	-0.16702102284460002	0.005767864732377501
530	2650	-0.2088074956482	0.01590820682545
531	2655	-0.22652383636989998	0.024528461020469995
532	2660	-0.2147323402254	0.021013060205439
533	2665	-0.1901093732024	0.004567762733881001
534	2670	-0.17172389238790003	-0.014191864282247998
535	2675	-0.16569522777850004	-0.03221124631188001
536	2680	-0.16565288674600004	-0.04267100544307001
537	2685	-0.16565288674600004	-0.04449119605270001
538	2690	-0.16565288674600004	-0.04449119605270001
539	2695	-0.1622006959185	-0.0450378106932
540	2700	-0.1495021199922	-0.05344009109412
541	2705	-0.13093947787639998	-0.07143609058183
542	2710	-0.11230696384232002	-0.09171675803653001
543	2715	-0.09712664063571001	-0.11145081085047
544	2720	-0.09119201960791003	-0.12332919790400002
545	2725	-0.08620432845102001	-0.125613865871
546	2730	-0.07222535565612	-0.125613865871
547	2735	-0.05181216049357	-0.125613865871
548	2740	-0.0233742612309671	-0.125613865871
549	2745	0.006138097800342899	-0.125613865871
550	2750	0.02684503455267	-0.125613865871
551	2755	0.041117748937370004	-0.125613865871
552	2760	0.047365076301960005	-0.125613865871
553	2765	0.0476208075792	-0.125613865871
554	2770	0.0476208075792	-0.125613865871
555	2775	0.047165456500500004	-0.125613865871
556	2780	0.03618388307795099	-0.125613865871
557	2785	-0.022387939724079004	-0.1257910187509
558	2790	-0.13338472580502997	-0.14075482509530002
559	2795	-0.26056474470130003	-0.1790342477819
560	2800	-0.38545708263059997	-0.22541449555659998
561	2805	-0.47018778589169996	-0.25949641862030004
562	2810	-0.5046746920247001	-0.2630641027559001
563	2815	-0.5245121630228999	-0.2391044662472
564	2820	-0.5368421473164	-0.20561862807569997
565	2825	-0.5417435168986	-0.18108576499800003
566	2830	-0.5444637203298999	-0.1705370081003
567	2835	-0.545194775002	-0.1625594525022
568	2840	-0.545194775002	-0.1450211928033
569	2845	-0.545194775002	-0.10974630084918
570	2850	-0.545194775002	-0.06092938556712999
571	2855	-0.545194775002	-0.010026062874463998
572	2860	-0.545194775002	0.029891179142886
573	2865	-0.545194775002	0.04890359216759999
574	2870	-0.545194775002	0.04428569663281999
575	2875	-0.545194775002	0.011536557647479
576	2880	-0.545194775002	-0.037665699335200996
577	2885	-0.5307756923333999	-0.08726154722561
578	2890	-0.4687186886799	-0.12851258916794997
579	2895	-0.37196301017450006	-0.14535929807249998
580	2900	-0.2759373211452	-0.14575288897999997
581	2905	-0.21248789303719998	-0.14458568990119997
582	2910	-0.22242932603330004	-0.11611180166106001
583	2915	-0.2788557026645	-0.05106441480596101
584	2920	-0.33812707466909997	0.024416980581539
585	2925	-0.38589932890210005	0.09873117689024
586	2930	-0.38799797189519997	0.14573868403759999
587	2935	-0.3431574107561	0.15617269257
588	2940	-0.2845733570758	0.15617269257
589	2945	-0.21808353733480002	0.15617269257
590	2950	-0.1636510531361	0.15617269257
591	2955	-0.13733809156850002	0.15617269257
592	2960	-0.1207758549735	0.15617269257
593	2965	-0.1054613239587	0.15617269257
594	2970	-0.09801012852279997	0.15617269257
595	2975	-0.09759234580419998	0.15617269257
596	2980	-0.09759234580419998	0.15617269257
597	2985	-0.09759234580419998	0.1579036990878
598	2990	-0.09759234580419998	0.16595893040350002
599	2995	-0.09759234580419998	0.1788743750521
600	3000	-0.09893990651338	0.19205681475359998
601	3005	-0.11291929397608	0.2035082479372
602	3010	-0.14511942467629999	0.20863545632300004
603	3015	-0.18685260435589998	0.208902451376
604	3020	-0.23694457797379997	0.208902451376
605	3025	-0.29028079238099996	0.208902451376
606	3030	-0.3355208764595	0.2064919193944
607	3035	-0.3725862397863	0.1822486878122
608	3040	-0.39994524846580004	0.13366033541211003
609	3045	-0.41142818960189986	0.08014902981326
610	3050	-0.4127865178289999	0.026339583587241595
611	3055	-0.4127865178289999	-0.0211025994314984
612	3060	-0.4127865178289999	-0.053086135978179995
613	3065	-0.4127865178289999	-0.07618111021143001
614	3070	-0.41231257095729995	-0.09647209215993999
615	3075	-0.40508375096150007	-0.10129763771526998
616	3080	-0.37405253219199996	-0.09729810865507
617	3085	-0.3169471019654	-0.10051847626949
618	3090	-0.2516146430053	-0.11230225525539002
619	3095	-0.19288882050000003	-0.1297045389017
620	3100	-0.15796539676850002	-0.14738872361240002
621	3105	-0.14911618449420003	-0.1618186207631
622	3110	-0.14896794782500003	-0.16778042621830003
623	3115	-0.14896794782500003	-0.16812372701300002
624	3120	-0.14896794782500003	-0.16812372701300002
625	3125	-0.14896794782500003	-0.16812372701300002
626	3130	-0.14896794782500003	-0.16812372701300002
627	3135	-0.14896794782500003	-0.16812372701300002
628	3140	-0.15001906767339998	-0.1680667890761
629	3145	-0.1627733989363	-0.16326001685410002
630	3150	-0.19480190625600002	-0.1509049310187
631	3155	-0.2370594632546	-0.1356944279182
632	3160	-0.2807083919834	-0.12054086275440001
633	3165	-0.3156962553695	-0.11013713187540002
634	3170	-0.33529765080380003	-0.10728171461
635	3175	-0.35177704843420005	-0.10728171461
636	3180	-0.3717285214326	-0.10728171461
637	3185	-0.3891264518546	-0.10728171461
638	3190	-0.3979945993306	-0.10728480740930002
639	3195	-0.3881970505052	-0.1095608562594
640	3200	-0.365438557598	-0.11975310952509999
641	3205	-0.34206165364569996	-0.13591142862549999
642	3210	-0.3228375382281	-0.1523863795972
643	3215	-0.3000869808512	-0.1665883745182
644	3220	-0.2608617527434	-0.17433275123039998
645	3225	-0.2128178650778	-0.18035438762779998
646	3230	-0.1652400443979	-0.188907356446
647	3235	-0.132747310104	-0.1975266430423
648	3240	-0.1237756236759	-0.20468734343159997
649	3245	-0.1268262304695	-0.2076047183009
650	3250	-0.14654740356299997	-0.207671036079
651	3255	-0.18210639947670001	-0.207671036079
652	3260	-0.21992969734609996	-0.207671036079
653	3265	-0.2542500518756	-0.207671036079
654	3270	-0.2637165222566	-0.207671036079
655	3275	-0.259075094765	-0.207671036079
656	3280	-0.26967026629979995	-0.207671036079
657	3285	-0.2887100043548	-0.207671036079
658	3290	-0.3159781727834	-0.207671036079
659	3295	-0.34151641626440005	-0.207671036079
660	3300	-0.34955375876360006	-0.207671036079
661	3305	-0.34957565196800006	-0.207671036079
662	3310	-0.34957565196800006	-0.207671036079
663	3315	-0.3430465104354	-0.207671036079
664	3320	-0.3178624984239	-0.207671036079
665	3325	-0.2800333174605	-0.207671036079
666	3330	-0.24168469649129998	-0.207671036079
667	3335	-0.20986521705459998	-0.20873721586759997
668	3340	-0.19670060809679996	-0.21482554010369997
669	3345	-0.19618116809099997	-0.22528582528219995
670	3350	-0.19618116809099997	-0.23616210674449997
671	3355	-0.19618116809099997	-0.24597220841830003
672	3360	-0.19618116809099997	-0.25076016564439996
673	3365	-0.19618116809099997	-0.251176161928
674	3370	-0.19618116809099997	-0.251176161928
675	3375	-0.19618116809099997	-0.251176161928
676	3380	-0.19618116809099997	-0.25088672225840003
677	3385	-0.19594210258439998	-0.2464809578802
678	3390	-0.1891570208411	-0.23703525515450002
679	3395	-0.17329474758729999	-0.22633770134730002
680	3400	-0.15466223355320002	-0.20801689004069995
681	3405	-0.13626878502579998	-0.1721155602339
682	3410	-0.12442135273519997	-0.12736355881028
683	3415	-0.12165111195499997	-0.08379574231661999
684	3420	-0.12165111195499997	-0.04814062299196001
685	3425	-0.12165111195499997	-0.034182346876070004
686	3430	-0.12165111195499997	-0.03411468072450001
687	3435	-0.12165111195499997	-0.03411468072450001
688	3440	-0.12165111195499997	-0.03411468072450001
689	3445	-0.12165111195499997	-0.03411468072450001
690	3450	-0.1215320086034	-0.03411468072450001
691	3455	-0.1165842569334	-0.03411468072450001
692	3460	-0.10292074843822	-0.03411468072450001
693	3465	-0.08523105159066	-0.03484067805662
694	3470	-0.06764048160071999	-0.04018159200062
695	3475	-0.05487855992894001	-0.04999342954315
696	3480	-0.05083239508236	-0.06038727140447
697	3485	-0.05081241858840001	-0.07005511593368
698	3490	-0.05081241858840001	-0.07510804385101
699	3495	-0.05081241858840001	-0.07569004816979999
700	3500	-0.05081241858840001	-0.07569004816979999
701	3505	-0.05081241858840001	-0.07569004816979999
702	3510	-0.05081241858840001	-0.07569004816979999
703	3515	-0.05047985447640001	-0.07569004816979999
704	3520	-0.04588974370674	-0.07569004816979999
705	3525	-0.03572897390059	-0.07569004816979999
706	3530	-0.023922527603600002	-0.07569004816979999
707	3535	-0.012448645418649	-0.07569004816979999
708	3540	-0.005291093603815	-0.07569004816979999
709	3545	-0.014149525688166001	-0.07569004816979999
710	3550	-0.04179919941065001	-0.07569004816979999
711	3555	-0.0761305169058	-0.07569004816979999
712	3560	-0.10368663010429999	-0.07569004816979999
713	3565	-0.10767557001249	-0.07569004816979999
714	3570	-0.08797094408153999	-0.07569004816979999
715	3575	-0.06151948175382001	-0.07569004816979999
716	3580	-0.04178444001027	-0.07569004816979999
717	3585	-0.03517124669430001	-0.07569004816979999
718	3590	-0.0351060540702	-0.07569004816979999
719	3595	-0.0351060540702	-0.07569004816979999
720	3600	-0.0351060540702	-0.07569004816979999
721	3605	-0.0351060540702	-0.07569004816979999
722	3610	-0.0351060540702	-0.07569004816979999
723	3615	-0.0351060540702	-0.07569004816979999
724	3620	-0.0351060540702	-0.07569004816979999
725	3625	-0.0351060540702	-0.07569004816979999
726	3630	-0.0351060540702	-0.07569004816979999
727	3635	-0.035103598330990006	-0.07569004816979999
728	3640	-0.03502048100392	-0.07569004816979999
729	3645	-0.034821755031009996	-0.07735674668838001
730	3650	-0.033470627981220004	-0.09688651325661
731	3655	-0.03002066427076	-0.14159630719172997
732	3660	-0.02566506802797	-0.19789311852650002
733	3665	-0.021425080431009998	-0.28051635773579997
734	3670	-0.018337493910909997	-0.3772391810749
735	3675	-0.017351199790699996	-0.45535486239710005
736	3680	-0.01793740817323	-0.5218835263196
737	3685	-0.04113128388874	-0.5604190638490001
738	3690	-0.11324040322786	-0.566991949199
739	3695	-0.21382957437939995	-0.566991949199
740	3700	-0.3132575703012	-0.566991949199
741	3705	-0.3640040373245	-0.566991949199
742	3710	-0.3351637662909	-0.566991949199
743	3715	-0.2710845765908	-0.566991949199
744	3720	-0.20720690128129998	-0.566991949199
745	3725	-0.1576933115725	-0.566991949199
746	3730	-0.12184702006257	-0.566991949199
747	3735	-0.08459680145709	-0.566991949199
748	3740	-0.039688621212448004	-0.566991949199
749	3745	3.4724929867002016e-05	-0.566991949199
750	3750	0.023742323828015003	-0.566991949199
751	3755	0.03928712877667	-0.566991949199
752	3760	0.046800519629549994	-0.566991949199
753	3765	0.04778896861979999	-0.566991949199
754	3770	0.04778896861979999	-0.566991949199
755	3775	0.04778896861979999	-0.566991949199
756	3780	0.04778896861979999	-0.566991949199
757	3785	0.04778896861979999	-0.5484263966214
758	3790	0.04778896861979999	-0.4934557089119
759	3795	0.04778896861979999	-0.42072379137000004
760	3800	0.04654857424955	-0.3480702265496
761	3805	0.03864938736877001	-0.29398221430680005
762	3810	0.021489365576003998	-0.27629933719620003
763	3815	0.0010854546465835998	-0.27637768991800005
764	3820	-0.029965328144470404	-0.27637768991800005
765	3825	-0.06954271767503	-0.27637768991800005
766	3830	-0.10255885767675998	-0.27637768991800005
767	3835	-0.13132438356220003	-0.27637768991800005
768	3840	-0.142777270197	-0.27637768991800005
769	3845	-0.1340994306533	-0.27637768991800005
770	3850	-0.12219532683699999	-0.27637768991800005
771	3855	-0.11129794800030002	-0.27637768991800005
772	3860	-0.10366591667367	-0.27637768991800005
773	3865	-0.08360376743440001	-0.27637768991800005
774	3870	-0.046266027458670006	-0.27536058370509997
775	3875	-0.006341437189478001	-0.27001097661760004
776	3880	0.031423127570932005	-0.2611104381605
777	3885	0.051812247490219995	-0.2524422170632
778	3890	0.0543990977837	-0.2485382417886
779	3895	0.0543990977837	-0.2528494254754
780	3900	0.0543990977837	-0.26131491307620003
781	3905	0.0543990977837	-0.2695480833167
782	3910	0.0543990977837	-0.27403411394749994
783	3915	0.0543990977837	-0.2746374864919999
784	3920	0.05389793874022001	-0.2746374864919999
785	3925	0.051066442420720004	-0.2746374864919999
786	3930	0.046240816085910005	-0.2746374864919999
787	3935	0.041250237968350006	-0.2746374864919999
788	3940	0.03676081889425999	-0.2746374864919999
789	3945	0.034601737096169996	-0.2746374864919999
790	3950	0.0344367853134	-0.27463941315389995
791	3955	0.0344367853134	-0.2782592600917
792	3960	0.0344367853134	-0.28953151189080006
793	3965	0.03498884878936	-0.2948901739724
794	3970	0.03864064163675	-0.28295926040979996
795	3975	0.0441399493269	-0.2602296580119
796	3980	0.032213010570732004	-0.236152586569
797	3985	-0.0035471805396599986	-0.22643679832470004
798	3990	-0.048962194506132	-0.23041787628670002
799	3995	-0.09622472331545	-0.23449782786690002
800	4000	-0.1260610056784	-0.23108136858790002
801	4005	-0.13261609916300002	-0.21882728960380002
802	4010	-0.1344190093042	-0.1982256318558
803	4015	-0.1424643380583	-0.1620602471429
804	4020	-0.16053996340389998	-0.11567154819981
805	4025	-0.189159779036	-0.06935517279777001
806	4030	-0.22093008669340003	-0.034977158935799994
807	4035	-0.24642635128709997	-0.023244766980139997
808	4040	-0.2591439315805	-0.022927164297399997
809	4045	-0.2568836953546	-0.022927164297399997
810	4050	-0.24796622829550002	-0.022927164297399997
811	4055	-0.2391825822185	-0.022927164297399997
812	4060	-0.23325235392700003	-0.022927164297399997
813	4065	-0.23177161972209998	-0.022927164297399997
814	4070	-0.2319947141844	-0.022927164297399997
815	4075	-0.23211561211479995	-0.022927164297399997
816	4080	-0.23213147996799993	-0.022927164297399997
817	4085	-0.23213147996799993	-0.022927164297399997
818	4090	-0.23213147996799993	-0.022927164297399997
819	4095	-0.23213147996799993	-0.022927164297399997
820	4100	-0.23213147996799993	-0.022927164297399997
821	4105	-0.23218044015029995	-0.022927164297399997
822	4110	-0.2411590105317	-0.022927164297399997
823	4115	-0.2647976848654	-0.022927164297399997
824	4120	-0.294215813135	-0.023208686009279996
825	4125	-0.32358498122269996	-0.044899908958360005
826	4130	-0.34402453911119996	-0.10133124003608
827	4135	-0.34980399304699994	-0.1713744997172
828	4140	-0.34980399304699994	-0.24113623768660003
829	4145	-0.34980399304699994	-0.2894882744187
830	4150	-0.34980399304699994	-0.30310020302199997
831	4155	-0.34980399304699994	-0.30310020302199997
832	4160	-0.34980399304699994	-0.30546067614390005
833	4165	-0.34980399304699994	-0.32511514474590003
834	4170	-0.34980399304699994	-0.3623237890585
835	4175	-0.34980399304699994	-0.4021530867235
836	4180	-0.3502954853394	-0.4358120365231001
837	4185	-0.35244642077239996	-0.43566692444980004
838	4190	-0.35581316398789997	-0.4042666964892
839	4195	-0.35922776413740004	-0.3692450666486
840	4200	-0.36215087199459994	-0.3380333115515
841	4205	-0.3634145367116	-0.31430939867580004
842	4210	-0.363462393646	-0.2864803419793
843	4215	-0.363462393646	-0.2509459176333
844	4220	-0.363462393646	-0.2154892369363
845	4225	-0.363462393646	-0.18905478041049997
846	4230	-0.363462393646	-0.1804264078821
847	4235	-0.363462393646	-0.180504151531
848	4240	-0.363462393646	-0.180504151531
849	4245	-0.363462393646	-0.180504151531
850	4250	-0.363462393646	-0.17770379683309998
851	4255	-0.363462393646	-0.1585527610986
852	4260	-0.363462393646	-0.12382272361266
853	4265	-0.363462393646	-0.08706401071406
854	4270	-0.36294605312210004	-0.05310565251349
855	4275	-0.3481942319183	-0.03616473496387
856	4280	-0.30150693782789995	-0.04825369144278001
857	4285	-0.23044793485980003	-0.07975919221094
858	4290	-0.14691659000545002	-0.11586844919274
859	4295	-0.07078741956805	-0.15131094656020003
860	4300	-0.026593722017242	-0.17330257165040003
861	4305	-0.0067717333441108	-0.17790632786400004
862	4310	6.15729188624e-05	-0.17790632786400004
863	4315	6.15729188624e-05	-0.17790632786400004
864	4320	6.15729188624e-05	-0.17790632786400004
865	4325	6.15729188624e-05	-0.17790632786400004
866	4330	6.15729188624e-05	-0.17790632786400004
867	4335	-6.6666974436400005e-06	-0.17790632786400004
868	4340	-0.00302701778953184	-0.17790632786400004
869	4345	-0.010444384282907	-0.17790632786400004
870	4350	-0.0193748943181	-0.17790632786400004
871	4355	-0.02823716473699	-0.17790632786400004
872	4360	-0.03414732368008999	-0.17790632786400004
873	4365	-0.03566046722189999	-0.17748345804960003
874	4370	-0.03566046722189999	-0.16467011016509997
875	4375	-0.032939814388540004	-0.13463284026679997
876	4380	-0.02496592188763	-0.10565780066727
877	4385	-0.014459442552526	-0.08546182456244002
878	4390	-0.0039529632174199	-0.07971709610212
879	4395	0.0038328632843261006	-0.09486323651320999
880	4400	0.006365450118519999	-0.11551524234216
881	4405	0.006365450118519999	-0.1307353233011
882	4410	0.006365450118519999	-0.143894634686
883	4415	0.006365450118519999	-0.1533869992135
884	4420	0.006365450118519999	-0.16774372007929997
885	4425	0.006365450118519999	-0.2138474113331
886	4430	0.006365450118519999	-0.2838665685145
887	4435	0.006365450118519999	-0.3545624044804
888	4440	0.006365450118519999	-0.4138257883908
889	4445	0.006365450118519999	-0.4384179331026
890	4450	0.012269298440838	-0.43909461188699994
891	4455	0.044232610724428	-0.4373434270334
892	4460	0.09865954808765	-0.42238389994369996
893	4465	0.1564863603459	-0.3938383030497
894	4470	0.21937631973900001	-0.3433298046039
895	4475	0.2684423743963	-0.2560704500121
896	4480	0.2943228970002	-0.16335138578666003
897	4485	0.2960979154672	-0.08421839136557
898	4490	0.26661137505509996	-0.02704829849632
899	4495	0.222218005041	-0.00838024662662
900	4500	0.17854654200070003	-0.00838024662662
901	4505	0.15558070820240003	-0.00838024662662
902	4510	0.15290943782600003	-0.00838024662662
903	4515	0.16314563084849998	-0.00838024662662
904	4520	0.1932220877792	-0.00838024662662
905	4525	0.22825066387200002	-0.00838024662662
906	4530	0.258502471322	-0.009082985030872
907	4535	0.2674109587113	-0.026317761372872
908	4540	0.223094182924	-0.06579875783337
909	4545	0.14268993284219003	-0.11169667487906002
910	4550	0.05832978542031151	-0.15689185352039997
911	4555	-0.0149232349636985	-0.18555499422389998
912	4560	-0.05479125607932002	-0.191971914809
913	4565	-0.05916137171728	-0.191971914809
914	4570	-0.04125576346751	-0.191971914809
915	4575	-0.02632562077109	-0.191971914809
916	4580	-0.02520798539931	-0.191971914809
917	4585	-0.030109434583789996	-0.191971914809
918	4590	-0.04855394167306999	-0.191971914809
919	4595	-0.06402298320897999	-0.191971914809
920	4600	-0.0656795174203	-0.191971914809
921	4605	-0.0656795174203	-0.191971914809
922	4610	-0.0656795174203	-0.191971914809
923	4615	-0.0656795174203	-0.191971914809
924	4620	-0.06357034279605	-0.191971914809
925	4625	-0.053248267530429993	-0.191971914809
926	4630	-0.03632923953426	-0.1898279383147
927	4635	-0.0165474604649968	-0.1717726558205
928	4640	0.006633896469473199	-0.13758919446579995
929	4645	0.025123176268269997	-0.10104488375609
930	4650	0.03916344834555	-0.06483738805823999
931	4655	0.05233047665178	-0.026104759403039007
932	4660	0.06069005922306	0.017615867565601
933	4665	0.07062409863733	0.061247946615969995
934	4670	0.0895915309401	0.08934635080916
935	4675	0.11341123536597	0.08575890558231
936	4680	0.1366045128916	0.058861549546119996
937	4685	0.15299350448209997	0.007615736420471001
938	4690	0.15639675656559998	-0.06327256287679899
939	4695	0.1526601402646	-0.13173222144558
940	4700	0.14884864410930002	-0.17138858314150002
941	4705	0.1467461535404	-0.15215640393534996
942	4710	0.146448064581	-0.08842409072664999
943	4715	0.146448064581	-0.013871007784019004
944	4720	0.146448064581	0.034072511921231
945	4725	0.146448064581	0.045203646377500004
946	4730	0.146448064581	0.045203646377500004
947	4735	0.146448064581	0.045203646377500004
948	4740	0.146448064581	0.045203646377500004
949	4745	0.146448064581	0.045203646377500004
950	4750	0.146448064581	0.045203646377500004
951	4755	0.146448064581	0.045203646377500004
952	4760	0.1464342746608	0.045203646377500004
953	4765	0.1463171547908	0.045203646377500004
954	4770	0.14609576045599998	0.045203646377500004
955	4775	0.145859631686	0.045203646377500004
956	4780	0.1446418573346	0.045203646377500004
957	4785	0.13877449568029998	0.045203646377500004
958	4790	0.12992791759459998	0.045203646377500004
959	4795	0.1226927972544	0.045203646377500004
960	4800	0.11364326268079998	0.045203646377500004
961	4805	0.09985021106977	0.03916147059571
962	4810	0.08196861539219999	-0.016226605048509
963	4815	0.06243061793879001	-0.136362262672969
964	4820	0.04741817546471	-0.27794854057499996
965	4825	0.04226936812772	-0.41346390488310003
966	4830	0.044292595753639995	-0.48211189584970005
967	4835	0.046375501845020005	-0.45043694236369997
968	4840	0.0467427026919	-0.37915863595399996
969	4845	0.0467427026919	-0.30784572389349996
970	4850	0.0467427026919	-0.25405428531209995
971	4855	0.0467427026919	-0.23583820920300003
972	4860	0.0467427026919	-0.23577486574
973	4865	0.0467427026919	-0.23577486574
974	4870	0.0467427026919	-0.23577486574
975	4875	0.0467427026919	-0.23577486574
976	4880	0.0467427026919	-0.23577486574
977	4885	0.0467427026919	-0.23577486574
978	4890	0.0467427026919	-0.23577486574
979	4895	0.0467427026919	-0.23577486574
980	4900	0.0467427026919	-0.23577486574
981	4905	0.0467427026919	-0.23577486574
982	4910	0.0467427026919	-0.23577486574
983	4915	0.0467427026919	-0.23577486574
984	4920	0.0467427026919	-0.23577486574
985	4925	0.0467427026919	-0.23577486574
986	4930	0.0467427026919	-0.23577486574
987	4935	0.0467427026919	-0.22760651599270001
988	4940	0.0465937978255	-0.1954307178334
989	4945	0.035063722903991	-0.1466600692749
990	4950	0.005537051249942998	-0.09713366898196
991	4955	-0.030769921797918005	-0.0557756184363
992	4960	-0.06694395982935	-0.03842501630254001
993	4965	-0.0917368278057	-0.03766926456800001
994	4970	-0.09853309904952	-0.03761070408531001
995	4975	-0.0985490688995	-0.03564474547745
996	4980	-0.0985490688995	-0.041983394587939996
997	4985	-0.0985448663095	-0.0825999532305
998	4990	-0.09644882451424999	-0.1361917203908
999	4995	-0.09081105005025	-0.13897118964080002
1000	5000	-0.08371917953279	-0.08827769581091999
1001	5005	-0.07676321025385999	-0.008012018342929004
1002	5010	-0.07418938702117	0.07200313505486099
1003	5015	-0.07804620996745	0.10253159072625002
1004	5020	-0.08408743428495	0.0961858555723
1005	5025	-0.08999695995395002	0.09480204179046
1006	5030	-0.09361617878195003	0.10658540011374
1007	5035	-0.09434648409970002	0.11513576012789999
1008	5040	-0.09434648409970002	0.11539195560599999
1009	5045	-0.09435415381696002	0.11539195560599999
1010	5050	-0.10649989608911001	0.1172804922241
1011	5055	-0.14656676014609998	0.1253451035418
1012	5060	-0.20577783155460003	0.1378588899582
1013	5065	-0.27089462195869995	0.15053431339170004
1014	5070	-0.3264332401161	0.161321200207
1015	5075	-0.3540507364884	0.16593201232280003
1016	5080	-0.36252402550949997	0.16609364934
1017	5085	-0.3650839258179999	0.16609364934
1018	5090	-0.3650839258179999	0.16609364934
1019	5095	-0.3650839258179999	0.16609364934
1020	5100	-0.3642200297956	0.16609364934
1021	5105	-0.36151749858939997	0.16609364934
1022	5110	-0.35705565745940004	0.16609364934
1023	5115	-0.3450320985022	0.16609364934
1024	5120	-0.3344416308188	0.16609364934
1025	5125	-0.3371278030139	0.16609364934
1026	5130	-0.34590631850209996	0.16609364934
1027	5135	-0.3624886311947	0.16609364934
1028	5140	-0.38128311383689995	0.16609364934
1029	5145	-0.3935975953623	0.16609364934
1030	5150	-0.4050298270969	0.16609364934
1031	5155	-0.42090949040819997	0.16609364934
1032	5160	-0.4375935947117	0.16609364934
1033	5165	-0.4494894274921	0.16609364934
1034	5170	-0.45793447669410003	0.16609364934
1035	5175	-0.46169001494219997	0.16609364934
1036	5180	-0.46185974699699994	0.16609364934
1037	5185	-0.46185974699699994	0.16609364934
1038	5190	-0.46185974699699994	0.16609364934
1039	5195	-0.46185974699699994	0.1552802313425
1040	5200	-0.4620496514572	0.12423692698239999
1041	5205	-0.4653670702313	0.08377715425705999
1042	5210	-0.4726071654699	0.043317381531699006
1043	5215	-0.4873978948703999	0.014071769919455999
1044	5220	-0.5203369067947	0.016159066282917002
1045	5225	-0.5763884205012999	0.05709017045833
1046	5230	-0.6508599567957	0.13510763609963
1047	5235	-0.7274666891981	0.23140945639790003
1048	5240	-0.7870068330576998	0.31693205233870003
1049	5245	-0.8161996658906	0.3730273088324999
1050	5250	-0.8188608168771001	0.3920362038603999
1051	5255	-0.8112152097489	0.3854114370401
1052	5260	-0.7853379649948001	0.3551929822132
1053	5265	-0.7401111300622001	0.3077130395643
1054	5270	-0.6957289515251	0.2592929357685
1055	5275	-0.6490522543688001	0.21627230867979996
1056	5280	-0.6080531668861999	0.18353994408500002
1057	5285	-0.5852725940875	0.15439135675739998
1058	5290	-0.5658121302421001	0.12149430489050002
1059	5295	-0.5492671128606	0.05993664800869201
1060	5300	-0.5440045249902001	-0.025022327229408003
1061	5305	-0.5439803075450002	-0.10492030216199999
1062	5310	-0.5442597798398	-0.18012965140860002
1063	5315	-0.5493291547928	-0.22512930827160002
1064	5320	-0.5604229433185	-0.233746018521
1065	5325	-0.5730307150535001	-0.233746018521
1066	5330	-0.5853590144937	-0.23526955332799998
1067	5335	-0.5928974112757002	-0.24365307667840003
1068	5340	-0.5944113944850001	-0.25786480947470003
1069	5345	-0.5944113944850001	-0.27256829798040005
1070	5350	-0.5944113944850001	-0.28574825167900003
1071	5355	-0.5944113944850001	-0.29206821683439993
1072	5360	-0.5944113944850001	-0.29255997254399996
1073	5365	-0.5948584448453001	-0.3075095587342
1074	5370	-0.5990134919436001	-0.35069642499220005
1075	5375	-0.6091876973588	-0.3985274009247
1076	5380	-0.6237964227535	-0.4374996147898999
1077	5385	-0.6396344058280999	-0.46130706460070003
1078	5390	-0.6517643921642999	-0.45687723434360006
1079	5395	-0.6578752201837	-0.4478032944121001
1080	5400	-0.659551528224	-0.4475881165480001
1081	5405	-0.659551528224	-0.4484989720473001
1082	5410	-0.659551528224	-0.4575953587031999
1083	5415	-0.659551528224	-0.4755409613859
1084	5420	-0.659551528224	-0.4950611044381
1085	5425	-0.659551528224	-0.5136703919912999
1086	5430	-0.659551528224	-0.5240941483881999
1087	5435	-0.659551528224	-0.5256686887579999
1088	5440	-0.659551528224	-0.5256686887579999
1089	5445	-0.659551528224	-0.5255067354031
1090	5450	-0.659551528224	-0.4993666811695
1091	5455	-0.659551528224	-0.4244148762777001
1092	5460	-0.659551528224	-0.32644253913680005
1093	5465	-0.659551528224	-0.22860722623639998
1094	5470	-0.659551528224	-0.15675001421499996
1095	5475	-0.659551528224	-0.13370455285159996
1096	5480	-0.659551528224	-0.13367962373699996
1097	5485	-0.659551528224	-0.13367962373699996
1098	5490	-0.659551528224	-0.13367962373699996
1099	5495	-0.659551528224	-0.13367962373699996
1100	5500	-0.659551528224	-0.13367962373699996
1101	5505	-0.659551528224	-0.13367962373699996
1102	5510	-0.659551528224	-0.13367962373699996
1103	5515	-0.659551528224	-0.13367962373699996
1104	5520	-0.659551528224	-0.13367962373699996
1105	5525	-0.659551528224	-0.13367962373699996
1106	5530	-0.659551528224	-0.13367962373699996
1107	5535	-0.659551528224	-0.13367962373699996
1108	5540	-0.659551528224	-0.13367962373699996
1109	5545	-0.659551528224	-0.13367962373699996
1110	5550	-0.659551528224	-0.13367962373699996
1111	5555	-0.659551528224	-0.13367962373699996
1112	5560	-0.659551528224	-0.13367962373699996
1113	5565	-0.6368679484538	-0.13367962373699996
1114	5570	-0.5826524475171	-0.13367962373699996
1115	5575	-0.5199951006063002	-0.13367962373699996
1116	5580	-0.4583565773119	-0.13367962373699996
